2.558641142857143
0.9778382040816326
1.7619483061224486
3.044882530612247
1.1278687346938778
2.8337557551020405
2.584543551020408
2.8864544489795922
1.0527735102040818
1.0097402040816326
2.61238424489796
2.65061818367347
1.009562448979592
2.8131576530612254
2.104658510204083
2.1118956530612247
0.9770677142857139
3.289773836734694
7.892601591836733
4.017789224489795
3.76771406122449
4.25371981632653
2.34282206122449
5.295063408163265
0.953814897959184
0.9737773061224487
2.700295102040815
3.503434979591837
2.605941979591837
2.8892092448979607
2.0327119387755106
1.0784531428571427
1.0254926122448982
1.9516937142857143
1.0947456938775506
1.0857871836734694
2.8265470204081624
1.0637608775510203
2.5806162857142856
2.531135428571428
2.1130749387755103
3.8168869795918354
2.8296337959183684
1.038372775510204
2.0721085918367343
3.448902693877553
1.0431682040816328
5.074821469387753
0.9874514081632649
5.257677653061227
2.510477163265306
2.898517346938776
1.0391528367346938
5.732930612244899
0.9999317959183672
3.3351016122448978
1.0073128979591837
1.0346806326530613
4.298056591836733
3.7173791020408165
2.7364529387755105
3.7057882448979584
2.353453244897959
1.0284167959183674
1.0232187959183676
0.9925675102040814
3.8975152857142854
1.1259540408163267
1.9469652857142856
2.777763836734693
1.0080590612244897
0.969022775510204
2.082042326530612
5.974071836734694
2.732441040816326
5.320266714285714
4.17962393877551
4.572091142857143
4.644554938775509
2.494545489795918
2.194359469387755
1.014180693877551
1.1328728163265307
1.9244188775510205
0.9740417551020409
8.56289581632653
5.935204367346939
3.9046388979591837
5.109653346938775
3.9374094285714283
1.0045717551020406
1.03137893877551
1.8412034897959189
1.0412044081632654
2.866269734693878
1.9247914489795923
3.641946632653061
2.8505230612244894
1.0397126530612244
1.0930756326530613
1.0495735714285712
3.5527286530612248
3.3361151836734693
2.827401693877552
2.5104705306122446
1.0536275510204083
3.7020581836734703
4.253796081632653
1.0064732653061224
2.837927061224489
3.7628862857142855
2.8760348775510205
1.3476643469387755
2.5280797551020404
5.391759183673469
4.137556816326531
1.5441543469387755
2.7844604081632647
2.6276532040816334
2.3042723061224493
1.9683043061224492
4.361651591836734
3.057425122448979
1.5844352040816325
1.0085014897959186
2.6802736326530616
1.0079822244897962
0.9776506122448978
1.0727232040816321
2.6144715102040816
3.7998631224489796
4.001140653061224
1.0095592653061227
0.9793831224489794
1.0239011224489794
5.388163040816327
2.5589918163265306
2.4885907755102026
2.701191836734694
2.827330081632654
1.0760428367346941
1.0770822857142859
6.171403183673468
1.0475656734693881
2.571981469387755
6.288880775510204
5.166208571428572
2.6604909387755096
1.0349868367346937
4.205461469387756
1.0202019591836733
2.4115072244897964
4.203598877551021
1.9925032857142857
1.0010026734693878
3.4979342653061227
1.114694
0.9813731224489795
0.9662358775510205
2.983072795918368
1.1434502448979595
2.3367533265306117
3.617788081632653
1.0215654897959183
3.621780571428572
2.131172510204082
6.225069204081633
0.9924902448979595
4.5578661020408155
2.773911163265306
1.0171381836734694
1.0387359999999999
1.048382836734694
0.9692138163265307
1.0751155918367343
2.9033179795918374
5.891776428571427
2.624499265306122
1.0853201224489792
2.7142382857142846
2.670889693877551
2.5886224897959185
1.109810367346939
2.7920204081632654
5.38273512244898
2.4632632448979592
2.808602285714287
3.93830512244898
2.1464816326530616
1.030188408163265
2.20256893877551
2.8662202040816314
2.2650463877551026
1.6766080816326534
5.163173795918366
4.439082448979592
2.74113893877551
0.9461576938775507
4.206614693877552
2.898441
1.0262396530612243
2.681243775510204
1.0583036938775512
5.249244265306122
1.0684763877551022
2.8084454285714284
6.243255142857141
4.419349877551021
2.9048369183673475
3.527315897959185
2.4821486122448975
1.084285571428571
2.703046469387755
2.6831477551020404
1.0294106734693875
5.122763387755104
1.1885183469387757
2.363657857142857
3.5067428775510203
2.756615551020408
3.4176152653061216
4.40984512244898
4.233925959183674
2.8872488367346945
2.59617993877551
1.078456183673469
4.354161959183673
5.731431285714284
1.7972134285714292
2.3907314693877555
1.9762455306122444
1.019942408163265
4.177022612244896
4.711939530612246
3.939064714285714
1.1212392653061227
0.9699726734693879
1.0517512448979591
0.9870953265306117
1.0155547142857144
1.078952755102041
1.0381497755102045
2.9296808367346934
3.8800296938775496
5.235207163265307
2.5195303265306124
2.7882020816326536
0.9369783061224491
1.908362265306123
2.813913408163264
2.05168006122449
3.409744102040817
4.923818142857143
3.5463055306122455
6.575823102040816
1.959515612244899
4.21852387755102
4.202988530612245
1.0270566530612246
1.02019212244898
1.0511390204081634
2.9484790204081643
2.1325525102040817
2.2155265102040813
1.0113632244897959
5.226256367346941
4.327745734693878
2.634099163265307
3.8606487346938776
1.006442530612245
2.77952481632653
5.560043795918367
3.7745212653061215
1.54077206122449
1.0002608571428568
2.746570755102041
2.48398493877551
0.9316753265306124
4.531375367346937
1.0192701020408164
2.1354455102040824
1.9625939795918366
1.0367942448979595
1.0590500000000003
2.8536565102040816
2.554148040816326
4.088610489795919
3.088068040816326
2.4631709795918364
2.5863647142857147
2.634867979591837
1.0068992857142858
0.9325580408163263
1.0052160408163267
6.139298346938776
6.029878387755102
2.8504303469387766
2.502162653061225
5.2441676122448975
2.771184571428572
1.745111612244898
6.41658893877551
1.0576658979591835
3.72399312244898
2.656667326530613
3.3913833265306117
1.1203912040816326
1.0453650612244896
2.8158304285714277
1.046121632653061
1.0365897142857146
6.8883573265306115
3.733661204081633
1.1216020408163265
4.165222265306122
3.623603081632655
2.6032227755102046
4.0124660612244885
1.1204449387755107
6.158904632653063
2.828934428571428
1.0318283877551018
0.9856134285714285
4.382798265306122
2.05778081632653
2.427969734693878
1.0712138571428573
1.0186249999999997
1.0041158979591835
1.721402918367347
2.730526530612245
2.6899670816326533
4.1027455714285725
1.057002163265306
5.809516306122449
1.036034857142857
0.974715408163265
4.726408081632653
7.212420571428571
2.8018949183673456
3.6773928775510227
1.0989340816326532
1.0877253061224488
1.1616115510204084
1.0896196938775513
3.601580673469387
1.3888065102040814
2.670670408163266
2.2995143061224486
7.267672020408163
0.9338443469387758
2.639448795918367
2.3119454285714287
2.680141142857143
1.3258305510204083
4.3842151836734695
1.9780796938775504
1.0483851224489795
1.0690166122448979
5.329772122448979
3.6491826530612252
4.504498632653062
5.939825591836734
2.6445112857142856
2.842465632653061
1.0884214489795918
1.0406310816326532
3.4781724897959174
5.615962306122448
1.0667839183673469
2.3272690408163266
5.278852285714284
2.5519808571428575
1.094502469387755
2.6646179795918363
2.405363163265305
1.089040387755102
4.011895530612245
1.5176293265306122
3.6198958571428554
1.0259653061224485
1.124435142857143
4.423924061224489
4.0783286734693895
5.727682040816326
1.0301904693877553
2.5149247959183674
1.0628615714285716
1.0215675714285712
2.197223448979592
2.2936714489795915
2.8900464693877566
0.9793742448979594
2.054075653061224
1.063209693877551
1.0309495510204079
4.207494326530613
2.710743918367346
1.4405316326530613
4.195795448979591
2.895507693877551
3.4251982040816324
2.024303734693878
2.0135490816326533
2.2551776734693867
1.1358536938775512
2.951947102040817
1.0523027346938774
2.0665927959183668
8.85005924489796
2.772362183673468
1.077276551020408
3.662794163265307
1.0758348571428569
2.65496693877551
2.413577061224489
2.4033663673469396
2.4789580816326526
2.1581735102040818
2.8113569387755106
2.7886654285714276
0.9922195918367347
2.2735019999999997
1.051097918367347
1.0072053265306122
2.523554020408163
3.913101081632653
2.0731794081632655
8.506531877551017
0.9982000612244898
4.157424693877552
2.234530714285714
2.6206074285714287
2.8595583061224494
1.0771170204081635
4.435196346938776
4.443079571428571
2.3834948163265306
2.8043690816326543
1.0307996530612245
2.2872849387755103
3.9634755306122433
1.0739876734693876
1.0541940816326534
2.7603347551020403
4.294140163265307
1.9074857142857142
2.8474946530612235
1.067331836734694
1.026231367346939
4.604069469387754
2.5505495918367354
1.0731405510204086
5.387078489795918
2.841586755102041
2.5603377551020405
1.7826619387755105
7.764671040816324
2.7116443061224484
1.0875890000000001
4.32425412244898
1.0349183265306126
4.916980836734694
1.0112764285714286
2.707885673469387
2.776355897959184
1.061422040816327
2.7946423673469387
2.019524836734694
2.969481510204082
0.9913985306122447
4.177051795918367
3.4859214489795907
4.469697693877552
3.88868530612245
4.337225591836734
1.0322184489795918
3.9329051632653056
1.0061070204081637
1.0438560204081633
4.240885142857143
1.863910326530612
2.8271474285714286
4.4457915102040815
4.542633469387756
4.461380653061224
1.0090316530612244
2.6122573469387755
2.7395971428571437
2.6281705714285715
1.0331440816326531
1.0388420000000003
0.9792686938775514
1.0255948571428568
4.315424755102042
1.0462696734693877
1.0048643061224494
2.4538293061224494
3.1284355510204085
1.920966551020408
