7.450456142857145
1.4779764489795917
0.7434362040816329
2.6131411428571423
6.245983142857141
1.7254258979591837
2.6316308163265303
5.233112346938776
4.865103530612245
10.026801612244897
5.568864816326531
6.772849857142857
2.838964469387756
4.043480265306122
3.880982428571427
6.391773204081631
2.847966204081632
2.595989265306122
1.0591116938775516
1.9433372040816324
3.392837734693878
1.19826581632653
2.737967897959184
4.2459548775510205
3.496904346938775
2.2690385918367344
5.488045244897958
1.8445949795918364
1.5470115510204079
4.694774428571427
1.0925477142857145
2.191359
5.1258676938775505
5.356593367346939
2.04186575510204
5.583347734693878
1.3067911020408167
1.080084102040816
1.0855237346938775
5.151813816326531
5.333934897959185
7.640487714285716
1.0408140408163267
4.381703530612244
3.456779591836733
7.545601877551019
3.3771314081632657
1.0298007755102043
1.7402643673469382
7.083885530612246
1.1072109183673469
7.15511032653061
2.8578237142857157
2.7146422857142856
7.2206180816326535
4.681745020408164
5.246117591836737
0.9930785714285715
5.116768693877551
10.248220836734696
1.036512
6.279411020408164
6.302067020408163
7.3158909795918365
5.561541204081634
5.84317424489796
7.225159204081631
2.3937421224489794
1.0631125714285714
6.407182591836735
2.8052656734693873
1.621079673469388
4.117230653061226
3.7449001224489793
6.019721326530608
5.381185285714283
4.29234118367347
7.36015893877551
9.436381163265308
3.539480877551019
4.172149285714286
4.371088489795919
4.031187673469387
5.924183653061224
3.6952957959183665
5.4813435306122456
7.663966346938775
5.408116244897958
6.008311142857139
5.381956612244899
1.0851822040816326
4.986854408163264
3.954702040816325
4.041367591836735
4.858836285714285
1.124038224489796
1.9840601836734695
2.3961845714285706
2.6730791428571434
1.9829240204081635
1.0995448979591838
5.947891693877547
5.682869653061226
4.483427306122448
2.7687645510204084
1.1307339387755102
6.65279081632653
5.037837224489794
0.9916452857142858
3.5387680204081633
2.364243755102041
2.8739116326530607
2.572042959183674
1.9659774693877545
4.99076893877551
1.0132990816326528
4.228855428571428
4.400541102040817
1.0772637346938776
2.4439320204081634
0.8984681020408162
3.3758726530612244
3.5970428571428563
7.5052724081632665
3.605712
6.884473877551021
3.7878778979591843
2.0386550612244894
4.153850102040817
3.702305551020408
6.0869336122448985
3.643608061224489
4.543342959183672
6.000086387755104
1.8326795918367347
4.405700857142857
5.165903612244898
2.642318510204082
6.064371346938775
8.135154306122446
6.383192816326532
2.1290553265306125
12.332176571428572
2.605249061224489
2.939222102040816
1.384809673469388
6.931501918367346
7.529325387755101
4.961617591836735
1.0465300408163265
6.015405163265305
4.8464848775510205
5.140721000000001
1.0301125918367346
4.503670346938775
2.669551857142856
8.933669959183673
6.448366244897959
2.940584591836735
3.4818127755102037
5.268611142857143
1.0622309387755104
6.850646551020412
4.43260493877551
2.7034410612244892
5.9209976938775535
7.708354979591839
9.97363130612245
6.599941265306121
5.712791244897959
5.353414285714284
2.068184795918367
6.625226938775511
2.8939247142857147
6.829822469387758
5.813167775510204
6.137338020408164
5.899009551020408
5.962770428571426
1.183276346938775
2.6841759387755113
7.113604204081631
2.8563465306122433
4.241754428571428
5.3720981632653055
2.7571547551020403
3.4670108367346932
5.5701496326530595
1.8338482244897962
4.470307346938776
7.379063877551021
2.757837142857142
2.2354882448979585
3.546020510204082
1.0888976734693876
1.049793306122449
2.8140427142857147
6.928260306122449
7.663143918367345
2.784378265306122
2.8046409183673466
5.310426061224493
6.737733102040817
1.5349925510204079
10.342084632653059
4.203380918367348
6.346167183673469
4.841063306122447
4.686811040816326
3.983370591836736
1.075218
2.8940217959183676
11.739564693877554
2.3885401020408166
5.065056387755102
1.6867308775510204
2.685416775510205
10.438770367346939
6.373571693877552
4.016653979591837
7.061729306122447
5.760870551020409
6.339599857142858
3.692243081632654
2.585899142857143
3.8216213469387754
4.1467559387755095
2.8495416530612245
4.243175510204082
4.235588489795919
3.9030048163265305
4.53284287755102
2.8814055714285716
6.627783632653061
3.6108462857142856
4.866469530612246
4.606763102040817
6.237348102040817
2.4013493877551007
3.6754069183673477
7.532631612244898
4.297212020408164
2.396030897959184
3.7264860408163263
7.841205714285714
6.129365367346937
4.947416285714285
3.618391612244899
3.652198448979593
4.329419285714286
2.7068001428571433
3.99369675510204
6.2763350204081645
4.026024326530612
12.905521469387752
7.418340979591838
1.0671515102040816
3.8191493673469377
4.215899469387756
7.530653367346941
7.504070959183673
7.840006224489797
7.3549286938775476
3.7992439795918362
7.277894265306122
4.852504244897959
3.7820371428571433
3.595208714285714
3.4840470204081635
7.001456489795919
0.9917627142857144
4.030674653061225
4.001392979591838
2.5921025102040813
2.7584861020408176
4.365766000000001
2.846828551020408
8.36379863265306
3.3944869387755108
1.084780510204082
4.594571265306123
4.4692083469387756
4.416785122448981
1.896472836734694
2.5718387755102037
4.613630571428573
5.084759387755103
4.7862683673469375
1.0878477551020411
3.9975711632653064
2.090439714285714
2.087799714285714
3.645405428571428
2.0019295102040804
5.495762204081632
5.482319408163263
7.934359244897959
5.230035040816327
9.76311748979592
4.24717493877551
4.242169795918367
2.987085102040817
1.021678142857143
3.789561428571428
4.310569061224489
5.345995510204082
3.6449544081632648
2.407735224489796
3.3228564693877556
4.914121795918366
3.9675187142857116
5.665718938775512
9.612212510204083
6.526759612244898
9.068349816326531
5.8630243469387775
2.586384265306122
8.844210183673471
3.5225161836734706
5.274665265306123
9.15001787755102
4.149492489795918
4.353516020408163
1.1540969183673466
3.270876285714286
2.4498434897959185
6.170449734693878
2.6919019183673467
1.0509221836734695
1.0751658979591836
3.4733882653061237
2.881204979591837
7.48802291836735
4.487108142857141
1.1041190408163266
1.1117928775510204
3.8877967346938775
8.556284612244896
3.690958653061224
3.819282326530614
4.712730244897959
1.8656749183673467
6.457991346938778
3.6999100612244904
2.4620302857142864
7.0572068367346965
2.679454489795918
6.790604530612246
9.68762432653061
4.3150197142857145
4.529615918367347
1.0797018979591837
2.6325055102040817
2.8108817142857143
4.277198265306123
2.777174448979592
1.5045054285714285
5.879230387755102
5.409949387755102
2.7591048775510196
2.771719571428571
6.031156102040816
2.45318393877551
6.197100734693876
3.5459081632653064
5.47569881632653
4.031868857142858
2.647450408163265
3.709743122448981
4.484176204081633
4.128481591836734
3.884020061224489
2.02617
3.7509993877551024
5.524736387755103
3.9731560816326525
2.813549795918367
3.2851126122448986
4.461549918367347
4.5618364285714295
5.417730387755102
4.4235532040816326
5.051880142857143
2.8671482653061235
6.553137346938776
4.514137163265306
5.885845877551021
3.707853346938776
7.030763285714286
1.5754892653061225
4.56079669387755
1.1442354489795918
1.0112915102040811
4.426582469387755
7.687098265306122
5.977655653061224
6.554702448979591
6.485381224489793
11.129818755102043
4.229287510204083
3.7848849183673483
3.7428282653061222
3.407011530612245
7.876714306122452
3.532575448979592
4.814101367346938
6.10264179591837
7.285095306122447
1.1226397346938777
6.290966510204081
9.011009102040816
3.2737547346938767
4.36764612244898
6.18195530612245
2.8715417142857156
7.969533816326529
5.500345326530613
3.5142326122448977
9.347583653061227
3.345172714285713
5.8758397755102045
4.94108124489796
2.892997795918368
2.3280383673469385
4.9941895510204075
5.681446183673469
3.8657402653061235
2.856061530612245
5.333797040816326
8.791369795918367
7.617323061224488
3.5130464081632664
2.086415755102041
3.30001963265306
1.0396703877551021
5.074687469387756
2.9565605510204085
6.395847489795918
6.287387918367344
4.555212020408164
3.580379387755101
6.278412285714287
8.379515020408158
3.061212387755102
1.0870988979591834
5.570999775510207
5.741044061224491
3.792723959183673
2.4941517142857146
5.038596959183672
1.1801518163265305
6.544441918367347
9.809730469387752
7.371220693877551
5.301920244897959
1.0971973877551018
3.960197897959184
3.3790106326530602
1.037262857142857
3.4549559183673466
2.842118408163266
7.593084183673472
1.066745653061225
2.540398244897959
4.412284755102042
2.5257561632653065
8.421442510204082
6.214554673469389
4.9581600204081635
5.742532326530614
5.977938204081633
3.577641979591837
6.307598795918366
2.883282326530614
8.415344224489798
3.4623000204081626
4.956441755102043
4.013903346938775
3.4842962244897957
2.935008367346939
1.0983315918367347
6.245414102040819
4.222997469387755
5.88765863265306
4.2659772857142855
6.134689775510201
7.018441775510204
1.2175283469387754
6.8342743877551015
3.5719861020408166
5.406125755102042
1.1380412857142856
4.945000387755103
2.969548265306122
7.669705346938777
2.806282081632654
2.0552444897959186
1.0670654693877555
4.6461235714285705
3.3446040408163262
