5.59507
1.9990042653061226
4.629752959183671
4.448353020408162
4.409890469387755
3.1665224489795913
6.65344812244898
9.797866857142857
5.998568346938774
3.968161040816328
8.5825356122449
6.163545653061226
9.540036877551023
8.944795326530613
2.9171457755102046
8.354771326530612
6.037567816326529
8.149456571428573
6.450100734693876
4.450721897959184
10.708357836734695
10.184963714285711
14.962114
10.217551795918368
7.682509877551024
7.7992393877551045
10.634410897959187
4.312315836734692
17.927923081632656
9.632149632653062
2.7987753877551027
6.189112836734696
9.605689816326532
5.328461571428572
10.442624000000002
4.619997102040816
7.001908040816327
7.562867693877553
5.856205755102041
6.790783285714285
8.639930653061224
9.405661408163263
10.376069714285716
2.61714312244898
12.031466163265305
12.26550463265306
5.574280571428571
5.431016755102042
9.231609836734695
9.423838265306127
10.493080836734693
6.51689410204082
12.471108714285718
5.722572448979594
12.53446430612245
8.02408869387755
7.341044224489791
7.011552979591837
8.057451000000002
11.644377612244899
12.039120795918372
6.539527734693876
10.706082653061225
10.914619489795921
8.858209244897962
6.48090636734694
11.38223414285714
9.180610653061226
12.755608244897962
7.664779061224487
10.203404204081636
11.80661595918368
7.946099551020407
10.83066826530612
6.872409755102042
8.073074061224489
13.619325836734696
7.375094428571429
6.037545693877552
5.662588510204081
13.745551224489796
9.615813285714287
8.064455714285714
10.127439061224488
7.336621755102041
7.334814326530615
10.683805408163261
8.282153816326531
4.34882557142857
7.642910326530611
5.664863183673469
7.935236775510203
11.923866040816327
11.777219489795916
10.540062306122447
12.060666489795919
9.486837448979594
12.910585183673465
4.976190999999999
9.523377897959183
7.290203693877553
9.053549346938771
6.531945693877552
5.20617793877551
9.21026969387755
12.139675836734694
7.636211387755102
7.362998795918369
7.800689102040815
13.221495836734697
10.533174979591832
2.671053693877551
8.286177755102038
14.321798938775508
6.905928020408163
10.44190618367347
9.088854306122446
12.04938220408163
9.171349795918363
10.290012632653061
7.7423003469387774
7.115693142857144
7.533967244897959
4.060427040816327
8.42236744897959
9.261439448979589
12.714440265306113
5.917396163265309
8.35165587755102
16.231680714285712
4.462531142857142
11.939123857142855
11.533901530612242
11.848929897959184
5.968392918367343
8.979948489795916
4.517826897959183
7.954615775510206
11.529143510204086
15.839841346938769
10.350410020408164
13.980569489795917
13.700301265306122
10.361534122448978
2.6932702653061225
11.024688530612247
8.773959224489793
11.120932142857146
6.092784571428573
8.431891040816328
12.451155326530609
9.26310575510204
15.38051169387755
13.110915632653063
12.368918428571432
12.883367489795916
2.469861979591837
8.954696836734694
8.239588387755104
12.857129204081637
6.745542530612246
8.685866775510203
9.125765183673467
11.107756897959186
10.261116959183674
8.099647693877554
13.388174857142863
10.40127897959184
8.220359204081632
7.933504979591834
10.61804220408163
10.826736938775511
10.105267530612243
7.153872877551018
12.714959816326527
5.701459244897959
16.06521840816327
8.788833285714286
6.81966018367347
7.539946469387753
9.858279938775512
11.092866918367347
15.286124387755102
9.538714387755103
7.458365285714287
12.734641306122452
8.894263081632655
2.500737795918368
8.874826102040815
5.4518789795918385
7.870344448979592
11.340247591836736
3.492134346938775
11.908518428571428
14.890437734693874
9.987371
9.896474306122448
5.966780530612243
7.734602755102041
14.448134612244901
5.995367877551019
4.3386454081632655
12.18261565306123
6.853275081632649
6.323685551020409
6.317523204081636
2.4601853877551014
8.85819475510204
8.64934608163265
7.405904755102041
12.352167816326528
9.517905102040817
7.337368979591837
10.406947734693876
5.956796795918366
16.112999877551015
9.551539857142858
12.908612551020408
12.811757734693874
12.18231193877551
9.94517781632653
4.840584612244899
8.060255408163263
7.341500918367348
15.532885897959181
8.136793
9.689651836734692
17.614422693877557
9.095873142857146
13.32707881632653
12.07698742857143
11.268744265306122
6.400022142857143
4.1490404489795925
8.647980040816323
10.349056367346934
9.931969836734696
3.519905163265306
12.132601285714284
10.960809020408163
11.276492183673469
2.9841402040816325
10.927329959183671
14.679299632653063
13.32540853061224
12.222905897959183
8.903533897959186
5.6592775510204065
4.060507632653062
11.754382142857141
17.416013795918364
10.170820918367347
10.961559897959182
8.137498877551021
8.92660644897959
7.2600480612244915
11.670505428571428
5.849683306122449
12.817046714285713
10.180193081632654
10.449412142857145
8.460582346938775
8.647441775510204
6.715665306122445
12.853388673469391
9.226411755102045
14.094473795918363
6.554628571428573
6.98833757142857
10.1892696122449
9.914323306122448
13.641548775510206
12.854758306122449
11.6414703877551
12.97143020408163
6.232340367346939
11.336307530612247
13.04793089795919
15.778004714285712
10.693989224489798
4.775830816326528
7.0899562040816315
8.55950318367347
10.433694326530613
11.238423714285712
11.750612836734694
11.4381787755102
7.779375612244897
7.089867020408166
10.924153755102045
12.317103775510203
14.414819816326533
11.836929836734694
9.622651918367348
10.780121714285718
9.567620387755102
5.810451734693876
12.438000795918368
12.78775608163265
10.446526693877553
11.532665224489792
12.603483836734696
15.17262455102041
16.519052673469393
15.251436816326532
8.721129040816328
4.387554755102041
6.154832571428573
6.817806918367348
13.849647653061227
4.168100979591837
9.782438530612245
6.309795571428571
18.87586559183674
9.142714469387757
7.753539755102042
9.859549775510203
9.01890342857143
8.034454795918368
15.364910999999998
10.98669655102041
13.704409551020408
17.436377979591835
10.56363444897959
12.03005595918367
9.575939204081633
9.659707142857142
5.52904887755102
13.831831000000001
7.489608448979592
14.459258857142855
11.138559367346936
13.406931938775505
13.715616775510203
5.72172675510204
4.354597653061225
14.579617061224486
10.286024612244901
10.370757224489791
9.07920991836735
20.201938163265304
10.633265346938774
8.05373718367347
5.569599000000001
12.287595428571429
8.38481959183674
5.627470469387752
7.632272714285715
5.248098122448979
13.974395857142856
11.588075285714291
9.270183122448977
8.060983653061227
12.465986000000004
14.015101204081633
18.836585244897964
13.269134734693878
11.486552510204083
10.974815306122446
5.917471163265308
5.209006591836735
11.471899897959185
6.106553591836734
10.281643081632655
18.721912510204078
12.461233142857138
6.765143714285716
6.324248530612245
8.570614632653061
11.164561591836732
10.842921040816329
6.873015469387758
15.20730012244897
15.25262575510204
14.043055959183675
10.484831836734692
9.076236734693879
7.465718877551021
13.957234632653059
9.307036428571429
8.988066408163267
7.012846183673468
7.967770489795919
4.061939020408163
9.311909795918366
9.86460851020408
11.565214816326534
10.050103693877551
16.10445842857143
6.68251455102041
10.80661281632653
13.05903906122449
9.702291755102042
8.660578755102042
15.64991434693878
7.728821448979594
8.994704081632657
10.81555720408163
6.083415530612246
8.847403224489796
10.048742816326532
9.54893542857143
10.879863489795914
15.109121081632662
11.17609465306122
4.521095142857143
8.640446428571426
6.610702938775509
2.9197022040816307
6.677081816326532
10.949489693877549
4.7368506938775505
7.527900244897962
4.069374653061224
8.75834544897959
13.691836653061227
6.248340040816323
7.827808612244898
11.567326285714284
7.950589530612245
2.1651931836734697
7.948522265306124
5.659895714285717
9.92021920408163
8.476625979591837
7.020242040816326
8.769349408163265
11.24988087755102
9.507700857142858
9.910448938775511
10.47685006122449
6.346736979591838
13.248364877551024
10.326678102040816
11.2082036122449
9.810894714285714
7.003704653061224
2.319996510204082
9.280572693877554
8.735811816326526
8.839499408163263
8.843749448979588
6.302684632653059
8.869968714285712
6.7956103469387745
5.761904999999998
4.8385821020408155
8.950273857142856
8.224987775510202
10.949057959183671
7.431572959183673
8.384213795918367
11.72456369387755
10.64053763265306
14.74915167346939
7.728984204081636
5.8724673877550995
5.505107040816327
9.913450163265306
17.654758367346943
6.454060040816326
9.811088469387757
8.936703591836734
13.189667653061225
10.084055142857144
7.890143326530613
5.3985780612244865
10.324598918367347
5.977629775510202
10.114941020408164
12.463837897959182
10.203482448979592
10.992969326530611
9.380869612244895
7.591965734693879
13.6784403877551
4.9486099795918355
11.68767108163265
13.227467693877555
4.416434673469388
15.752272979591842
9.693719469387753
5.0845588367346926
5.717340285714287
5.071556204081633
5.923668571428572
13.317796061224485
7.443885714285712
8.43002606122449
8.645017857142857
13.858845632653063
10.076477102040817
11.638977469387752
6.422762795918366
8.856692612244899
8.84613344897959
15.506370510204086
9.566565714285716
10.62245693877551
9.15145975510204
