0.30144
0.300746
0.301986
0.301596
0.400837
0.300294
0.403007
0.301424
0.40058
0.400679
0.400577
0.301264
0.30098
0.301018
0.400503
0.400289
0.301579
0.600948
0.300739
0.500566
0.401064
0.301224
0.400265
0.400892
0.400774
0.300282
0.60064
0.40096
0.400473
0.601528
0.500627
0.301411
0.401239
0.700857
0.501088
0.401861
0.300616
0.400561
0.600574
0.400832
0.400476
0.601229
0.500687
0.304445
0.501922
0.401001
0.500559
0.600529
0.401239
0.601232
0.40107
0.600351
0.401942
0.500899
0.500536
0.401839
0.501444
0.301138
0.400689
0.400739
0.400849
0.401663
0.50147
0.5004
0.400394
0.500243
0.400521
0.501001
0.501394
0.601214
0.600429
0.40068
0.600975
0.600366
0.700733
0.600492
0.700448
0.50054
0.402418
0.500561
0.501573
0.500402
0.600953
0.701379
0.700753
0.500798
0.500932
0.600562
0.601217
0.600642
0.501005
0.701554
0.401018
0.400465
0.602246
0.601008
0.601208
0.700685
0.700806
0.402455
0.601112
0.500422
0.701295
0.801387
0.601858
0.50043
0.600794
0.400602
0.500967
0.500386
0.500684
0.500991
0.501162
0.600338
0.50251
0.601153
0.600567
0.700728
1.101337
0.600889
0.601613
0.400631
0.801649
0.500523
0.900673
0.500565
0.41682
0.600527
0.901164
0.801141
0.700719
0.501395
0.600869
0.500899
0.601607
0.901085
0.501294
0.801921
0.700626
0.700626
0.700823
0.600451
0.90128
0.500524
0.800969
1.200619
0.401776
0.600393
1.101037
0.80103
0.601476
1.001403
0.803828
0.900755
0.600463
0.601216
0.901493
0.900429
0.800762
0.834668
0.600381
1.200664
0.60106
0.800899
0.50144
0.501315
0.700907
0.800825
0.601208
0.701679
0.801103
0.700969
0.700499
0.901269
0.700818
0.701276
0.800456
0.700361
0.600689
0.601537
0.500775
0.601008
0.902004
0.700634
1.001171
1.000869
1.400752
1.000527
0.700899
1.200496
0.8015
0.901033
1.001623
0.801619
1.000687
0.701025
0.90034
0.800592
0.601135
0.701123
0.701468
1.102243
0.702332
0.901616
0.900852
0.800529
0.601211
1.100465
0.801586
0.701106
0.701284
0.800676
0.800723
1.201489
0.701542
0.900838
0.800825
0.802058
1.201142
0.700503
1.100455
0.801175
0.801924
0.801396
0.801342
0.800574
0.700928
1.100524
0.802776
0.701286
1.10151
1.101408
0.901545
1.301222
0.901064
1.00056
1.302127
1.100645
0.70128
0.800481
0.703199
1.100684
0.800763
0.900956
1.100711
1.001452
0.800855
1.000563
0.801456
1.301861
0.700766
1.001123
1.401022
1.100529
0.902156
1.102568
0.901082
0.900918
0.900842
0.90101
1.101276
1.20041
0.801105
0.901047
1.001477
0.900913
0.900955
0.901097
1.301492
0.701322
1.300419
1.000691
0.900521
1.200711
1.300693
1.401287
0.901216
1.200472
0.80112
1.200493
1.301569
1.501681
1.200547
1.200942
0.80152
1.20055
1.10112
1.40116
0.800752
1.501086
1.200543
1.101628
0.802038
0.901016
1.201284
1.200805
1.601559
1.501203
1.100818
1.00135
1.300872
0.900921
1.301395
1.100494
1.000785
1.701597
1.701478
1.00151
1.101158
0.802453
0.902211
1.502713
1.801509
1.100838
0.900777
1.100809
1.101365
0.901538
1.201148
0.801186
1.30151
1.300806
1.401238
1.701294
1.002532
0.900383
1.301643
1.100834
1.000803
1.700683
1.201355
1.300693
1.000982
1.000643
0.901227
1.202162
1.200966
1.201554
1.201693
0.901198
0.902425
1.200579
1.00138
1.200483
1.100996
1.301208
1.00077
1.102047
1.400996
0.901498
1.300701
1.002173
1.200965
1.601526
1.001438
1.100309
1.400694
1.701544
0.902004
1.402274
1.200574
1.601065
1.100646
1.301836
1.100791
1.300918
1.301874
1.201478
1.10104
1.301686
1.101634
1.600799
1.60042
1.301639
1.201549
1.300727
1.50191
1.701352
0.900519
1.300996
1.40133
1.100736
1.100762
1.101547
1.500621
1.401158
1.000578
1.601491
1.200779
1.300519
1.601734
1.301041
1.501698
1.30194
1.400455
1.200718
1.202194
1.500868
1.402142
1.201631
