0.10769387755102038
0.027163265306122435
0.023040816326530607
0.02342857142857143
0.020693877551020416
0.01826530612244899
0.021530612244897968
0.018571428571428582
0.02089795918367348
0.01753061224489797
0.019571428571428583
0.021897959183673477
0.02038775510204082
0.0213061224489796
0.023061224489795924
0.028693877551020402
0.024102040816326532
0.020142857142857153
0.023244897959183677
0.035142857142857135
0.020306122448979603
0.01985714285714287
0.0300204081632653
0.022020408163265313
0.0183061224489796
0.021653061224489803
0.030571428571428572
0.018693877551020418
0.022163265306122452
0.02148979591836735
0.020857142857142873
0.01989795918367348
0.02310204081632654
0.021081632653061236
0.020102040816326543
0.02306122448979592
0.023163265306122453
0.02169387755102041
0.02126530612244899
0.028020408163265315
0.023448979591836734
0.02393877551020408
0.0199591836734694
0.02338775510204082
0.03491836734693876
0.024163265306122454
0.02281632653061225
0.02383673469387755
0.025163265306122447
0.01906122448979593
0.02542857142857144
0.025836734693877546
0.035102040816326535
0.02720408163265306
0.02891836734693878
0.021081632653061233
0.020551020408163277
0.028102040816326525
0.01948979591836736
0.026428571428571433
0.040224489795918354
0.03253061224489794
0.023530612244897966
0.02563265306122449
0.02269387755102041
0.023959183673469397
0.023714285714285716
0.02218367346938776
0.03781632653061223
0.02548979591836735
0.023448979591836745
0.02148979591836735
0.022816326530612257
0.019367346938775523
0.0324081632653061
0.022326530612244905
0.0323469387755102
0.023959183673469386
0.02428571428571429
0.026836734693877554
0.025999999999999992
0.030061224489795917
0.02506122448979591
0.033714285714285724
0.02767346938775511
0.027346938775510195
0.03869387755102038
0.030326530612244895
0.023795918367346947
0.02614285714285714
0.025979591836734702
0.02879591836734693
0.028591836734693864
0.034530612244897944
0.029163265306122454
0.02785714285714285
0.023755102040816326
0.0319795918367347
0.02618367346938775
0.026979591836734696
0.02985714285714286
0.03206122448979592
0.02483673469387755
0.02755102040816326
0.02985714285714285
0.02863265306122449
0.05036734693877548
0.03008163265306122
0.03955102040816323
0.03248979591836735
0.028693877551020416
0.025693877551020407
0.02208163265306123
0.32420408163265296
0.034224489795918356
0.029040816326530612
0.02542857142857143
0.024489795918367356
0.021897959183673477
0.029938775510204078
0.02748979591836734
0.028673469387755092
0.03018367346938775
0.027081632653061218
0.0356938775510204
0.028836734693877552
0.04487755102040816
0.02581632653061225
0.029999999999999995
0.02369387755102041
0.028836734693877552
0.02753061224489796
0.028795918367346934
0.02808163265306122
0.03767346938775511
0.029122448979591837
0.02644897959183674
0.031163265306122446
0.030448979591836744
0.034081632653061224
0.026959183673469382
0.026795918367346936
0.0300204081632653
0.03377551020408163
0.024551020408163267
0.028367346938775503
0.030408163265306123
0.02557142857142858
0.027959183673469386
0.03697959183673469
0.03014285714285714
0.02857142857142857
0.030204081632653056
0.03006122448979591
0.02963265306122448
0.03379591836734693
0.028346938775510203
0.03732653061224488
0.030734693877551025
0.6255102040816327
0.05428571428571428
0.03424489795918366
0.03277551020408164
0.027734693877551026
0.028387755102040807
0.03557142857142856
0.02591836734693878
0.028448979591836725
0.038612244897959176
0.03024489795918366
0.03130612244897959
0.04038775510204081
0.02659183673469388
0.029836734693877535
0.03128571428571429
0.02740816326530613
0.030102040816326538
0.025979591836734692
0.03553061224489796
0.03146938775510204
0.030836734693877543
0.026367346938775505
0.028448979591836728
0.02875510204081633
0.03134693877551019
0.02973469387755102
0.03110204081632653
0.029836734693877546
0.03173469387755101
0.03071428571428572
0.03481632653061223
0.024816326530612248
0.030061224489795924
0.03797959183673467
0.034183673469387756
0.03230612244897958
0.03446938775510204
0.02959183673469387
0.029142857142857134
0.03867346938775509
0.02914285714285714
0.03606122448979591
0.032061224489795925
0.03142857142857143
0.03089795918367346
0.029469387755102036
0.036897959183673466
0.029530612244897957
0.033510204081632654
0.03981632653061223
0.02885714285714286
0.034816326530612236
0.029061224489795916
0.03055102040816327
0.029653061224489793
0.02893877551020408
0.027265306122448978
0.03059183673469388
0.041142857142857134
0.033346938775510204
0.029367346938775515
0.038857142857142854
0.03426530612244897
0.03599999999999999
0.03214285714285713
0.03253061224489795
0.030163265306122445
0.03453061224489796
0.03395918367346939
0.028673469387755106
0.029612244897959182
0.03338775510204081
0.029959183673469378
0.027897959183673462
0.033102040816326526
0.03055102040816326
0.02730612244897959
0.05955102040816324
0.07061224489795917
0.04961224489795918
0.06240816326530609
0.06857142857142855
0.03157142857142856
0.03742857142857142
0.03287755102040815
0.03185714285714285
0.03461224489795917
0.02955102040816326
0.03548979591836734
0.032612244897959164
0.03204081632653061
0.035959183673469376
0.03295918367346938
0.031020408163265307
0.0306734693877551
0.026816326530612236
0.04455102040816325
0.030734693877551025
0.04173469387755102
0.03151020408163264
0.03159183673469387
0.04008163265306121
0.029408163265306115
0.035551020408163256
0.027632653061224498
0.03114285714285713
0.034857142857142843
0.03551020408163264
0.02977551020408162
0.03136734693877552
0.03259183673469388
0.03244897959183673
0.029285714285714276
0.03106122448979591
0.03051020408163265
0.029938775510204088
0.03393877551020407
0.03989795918367347
0.03257142857142856
0.03653061224489795
0.034816326530612236
0.03659183673469387
0.03367346938775511
0.04353061224489794
0.03185714285714286
0.03887755102040815
0.0373877551020408
0.031122448979591835
0.037346938775510194
0.034
0.03320408163265306
0.033877551020408174
0.037653061224489776
0.03783673469387754
0.037244897959183676
0.033102040816326526
0.03440816326530612
0.03324489795918367
0.03273469387755101
0.03189795918367345
0.03373469387755102
0.03253061224489795
0.03410204081632653
0.034510204081632655
0.034673469387755104
0.030428571428571426
0.03238775510204082
0.040510204081632646
0.03985714285714284
0.03889795918367345
0.03248979591836734
0.03126530612244898
0.027897959183673462
0.036408163265306125
0.030755102040816325
0.032795918367346945
0.03918367346938776
0.03618367346938776
0.03430612244897959
0.04404081632653059
0.03830612244897959
0.03400000000000001
0.0383877551020408
0.036836734693877535
0.035551020408163256
0.034938775510204086
0.030306122448979598
0.03889795918367346
0.03816326530612244
0.032979591836734684
0.03463265306122448
0.03181632653061225
0.03922448979591836
0.03667346938775509
0.03808163265306122
0.03428571428571429
0.03299999999999999
0.03567346938775509
0.034244897959183666
0.03897959183673469
0.03597959183673469
0.033
0.03995918367346938
0.038551020408163265
0.036448979591836725
0.04293877551020407
0.034918367346938775
0.03818367346938775
0.04120408163265305
0.03273469387755102
0.043775510204081616
0.035938775510204087
0.035979591836734694
0.03710204081632652
0.035346938775510206
0.03904081632653059
0.034081632653061224
0.03951020408163265
0.038489795918367334
0.04348979591836733
0.039183673469387746
0.030693877551020394
0.037448979591836726
0.03675510204081632
0.03461224489795918
0.037346938775510194
0.03748979591836735
0.03561224489795919
0.03716326530612244
0.03861224489795918
0.04508163265306122
0.03581632653061224
0.03604081632653061
0.03751020408163264
0.04451020408163263
0.03710204081632653
0.04093877551020407
0.037061224489795916
0.03553061224489796
0.03826530612244897
0.03277551020408164
0.036306122448979586
0.04493877551020408
0.03851020408163264
0.036
0.03628571428571429
0.03679591836734693
0.04726530612244896
0.03630612244897959
0.035061224489795914
0.04959183673469386
0.05434693877551021
0.04148979591836734
0.04344897959183672
0.03324489795918365
0.033265306122448976
0.03846938775510203
0.038285714285714284
0.04169387755102039
0.040469387755102025
