0.11996614285714287
0.13331669387755096
0.1313059591836734
0.13537002040816326
0.1313388571428571
0.12717628571428571
0.12736548979591839
0.1313678367346939
0.13340575510204083
0.137454081632653
0.13335320408163265
0.1354727142857143
0.13748410204081632
0.13945399999999997
0.1394330408163265
0.13757930612244898
0.13743238775510203
0.14560171428571425
0.1395271836734694
0.13966610204081636
0.14158420408163266
0.14149561224489793
0.14772993877551022
0.14570265306122443
0.13746297959183673
0.14568436734693882
0.14975204081632654
0.13950595918367345
0.14986208163265305
0.13741102040816328
0.15177620408163267
0.1456090612244898
0.14354493877551022
0.14155412244897952
0.151701081632653
0.14557267346938774
0.15579861224489797
0.14565589795918363
0.15583751020408168
0.157859693877551
0.1476560612244898
0.15177767346938775
0.1517000816326531
0.15187195918367347
0.15383622448979592
0.15381693877551025
0.15380461224489794
0.15389671428571425
0.15172885714285708
0.15182855102040818
0.15586063265306122
0.16607644897959187
0.16201597959183672
0.16007591836734694
0.16611516326530612
0.16407179591836732
0.17010910204081628
0.15593673469387753
0.16192220408163263
0.1660003265306122
0.16654567346938773
0.16208155102040817
0.17017442857142862
0.16396830612244895
0.17821514285714288
0.16803428571428575
0.16399848979591833
0.1721565918367347
0.1782761224489796
0.15791808163265303
0.17427599999999996
0.17008942857142856
0.18433591836734695
0.1742515918367347
0.17420993877551016
0.17631834693877552
0.17633269387755107
0.18433467346938776
0.17019995918367342
0.18039530612244895
0.18848322448979588
0.18031079591836735
0.18838540816326524
0.18642034693877554
0.1864138979591836
0.17630240816326537
0.1844274081632654
0.19259940816326532
0.1803708571428572
0.1804294081632654
0.17846538775510198
0.18853506122448982
0.18451479591836734
0.18457110204081636
0.1865834285714285
0.19062320408163264
0.1865828367346939
0.1946959795918367
0.20083091836734693
0.18860281632653053
0.1925790612244898
0.19672816326530612
0.19461900000000004
0.19273757142857137
0.1987852040816327
0.19870514285714286
0.20099165306122455
0.19268077551020413
0.19683363265306125
0.19276861224489797
0.20480710204081634
0.20290973469387752
0.20283716326530615
0.20494712244897959
0.20709434693877554
0.20498561224489792
0.2048402448979592
0.21092532653061216
0.1966891224489796
0.21091373469387764
0.19888720408163266
0.206897612244898
0.20897038775510204
0.20685373469387755
0.21308375510204083
0.20087767346938784
0.21545642857142858
0.21713365306122445
0.20901687755102039
0.20891177551020412
0.21500110204081627
0.219095530612245
0.21707889795918367
0.21743889795918359
0.21313306122448972
0.21713187755102045
0.21712826530612248
0.2251919591836735
0.21914140816326533
0.2110955306122449
0.22116989795918363
0.22537359183673472
0.22319842857142863
0.21916751020408165
0.22529538775510208
0.22329381632653056
0.22321163265306126
0.2253073469387755
0.22729446938775508
0.2354118163265306
0.22930489795918368
0.23138320408163263
0.22335287755102026
0.22937710204081632
0.22724591836734698
0.2314259591836735
0.2354548571428571
0.22530853061224485
0.23149665306122447
0.265679918367347
0.23376571428571427
0.2355740408163266
0.24159940816326525
0.2395478979591836
0.2274224693877551
0.2354739591836735
0.23541895918367348
0.23340777551020406
0.24163626530612242
0.2354912040816327
0.2376123061224489
0.23979130612244895
0.2416628571428571
0.24377504081632645
0.2335362040816327
0.24761073469387757
0.24568304081632647
0.23754495918367352
0.2558961020408163
0.24970332653061228
0.2457106734693878
0.24774975510204084
0.2498142040816327
0.2456979591836735
0.24993926530612248
0.24375575510204076
0.25382073469387767
0.25388214285714295
0.25177430612244894
0.26406259183673475
0.2559352448979592
0.249819081632653
0.25595818367346934
0.2520493673469388
0.2539134285714285
0.2580817142857143
0.26403042857142855
0.25592920408163267
0.2580262653061225
0.26212848979591835
0.2599711224489796
0.25803695918367336
0.25802902040816317
0.2680651224489796
0.26198859183673473
0.26815083673469386
0.26822234693877545
0.26213138775510203
0.26621606122448976
0.2762697346938775
0.2701695102040816
0.27426579591836736
0.2661062653061224
0.2742117959183674
0.2722934489795919
0.272137081632653
0.27426767346938774
0.28250914285714285
0.2723627959183673
0.274206081632653
0.276365224489796
0.2805059795918367
0.2703605918367347
0.27027051020408155
0.2703879183673469
0.27835646938775505
0.2844774285714285
0.280519
0.2804517346938775
0.2723153469387755
0.27845483673469396
0.28454157142857145
0.2805196734693877
0.2844902244897959
0.28442826530612236
0.29055708163265304
0.28657867346938776
0.2827588367346938
0.28679563265306124
0.2867020408163266
0.2847129591836735
0.28067063265306125
0.2925562448979591
0.2866409591836734
0.2905714489795918
0.28652459183673473
0.29878667346938775
0.29055440816326533
0.29259034693877545
0.29677069387755095
0.29468997959183674
0.2906581428571428
0.2947061836734693
0.2988604285714285
0.2946425918367348
0.29267387755102037
0.3028725306122449
0.30083657142857145
0.29877565306122444
0.29465324489795924
0.3050424489795918
0.30477281632653064
0.30496993877551015
0.3049412653061223
0.304886612244898
0.2988430612244898
0.3069934693877551
0.3150716326530613
0.3068670612244897
0.30486491836734697
0.3069059387755102
0.3132205510204081
0.30312046938775516
0.30499
0.31318193877551015
0.31115375510204085
0.31923204081632656
0.3131262040816327
0.3110823673469386
0.3131732857142856
0.31123675510204085
0.3152620612244897
0.30717857142857147
0.317288775510204
0.31324118367346937
0.3192508163265306
0.31730202040816324
0.31721883673469387
0.309243918367347
0.3233136734693877
0.3171817551020408
0.32137887755102046
0.3234157142857143
0.31731075510204093
0.33144614285714274
0.32743138775510205
0.32346610204081633
0.3294631836734693
0.3234007142857142
0.3294846530612245
0.3355033673469388
0.3335016938775511
0.3274796734693877
0.33349434693877544
0.33152053061224485
0.32950644897959197
0.33151246938775525
0.32954814285714273
0.3335848979591837
0.32753161224489796
0.3356826734693876
0.33558124489795915
0.33571430612244907
0.33350287755102054
0.3335904897959182
0.3317025918367347
0.33763795918367356
0.33372793877551027
0.33778840816326533
0.3438018571428571
0.34184869387755107
0.34790155102040815
0.3397499795918368
0.35195438775510207
0.3377832653061224
0.34984806122448975
0.337647
0.34193797959183675
0.34795577551020407
0.3600295714285714
0.3479457551020409
0.349915612244898
0.35595657142857146
0.3600851020408164
0.3498950408163265
0.34593655102040805
0.35388222448979595
0.35200869387755085
0.3520305102040816
0.3498573061224491
0.34990514285714286
0.3620882448979591
0.3580828775510204
0.3620858163265306
0.3622210816326531
0.36828940816326533
0.36813881632653045
0.36223602040816344
0.3622051224489795
0.36411761224489797
0.3621205510204082
0.3682423469387755
0.36423595918367346
0.3642487142857144
0.3663340816326531
0.37021714285714286
0.3743277346938776
0.36826353061224504
0.37235144897959194
0.3622864693877552
0.3662362653061225
0.37643712244897953
0.36834061224489795
0.3704075918367346
0.37437824489795923
0.3704055510204081
0.36836310204081635
0.3785388571428572
0.3785722857142856
0.3786016734693878
0.38465220408163264
0.37034853061224476
0.38058836734693885
0.38459506122448983
0.3786653265306123
0.3926962040816326
0.38056151020408163
0.384480693877551
0.38255291836734695
0.38866106122448985
0.3826711020408164
0.38063369387755114
0.386627918367347
0.3846656530612245
0.3885813877551021
0.38250148979591847
0.3866772244897961
0.39286138775510193
0.38871624489795925
0.3886915102040817
0.396940612244898
0.39291871428571423
0.39280802040816337
0.39487989795918377
0.3866354897959184
0.3968103265306124
0.39690242857142854
0.3888223265306122
0.39287459183673473
0.39287273469387746
