0.37665306122448977
0.11210204081632653
0.20155102040816322
0.1163469387755102
0.046999999999999986
0.051346938775510186
0.04177551020408163
0.03520408163265304
0.037816326530612246
0.03559183673469387
0.03493877551020408
0.04308163265306121
0.0363469387755102
0.03977551020408163
0.0353469387755102
0.03544897959183674
0.035571428571428566
0.03544897959183672
0.03816326530612245
0.04006122448979591
0.0346734693877551
0.03522448979591836
0.034714285714285704
0.03524489795918366
0.03444897959183672
0.040857142857142856
0.03436734693877551
0.03548979591836734
0.031999999999999994
0.03512244897959182
0.035571428571428566
0.03626530612244897
0.03702040816326531
0.033020408163265305
0.03444897959183673
0.03361224489795918
0.045632653061224486
0.03965306122448978
0.0493673469387755
0.10022448979591835
0.09261224489795923
0.0433469387755102
0.036591836734693864
0.04075510204081632
0.03620408163265306
0.03606122448979591
0.03618367346938775
0.02904081632653062
0.036489795918367346
0.033918367346938774
0.03510204081632653
0.029918367346938767
0.035204081632653046
0.03202040816326531
0.03785714285714286
0.03391836734693877
0.04275510204081631
0.03742857142857142
0.031163265306122446
0.03075510204081632
0.032204081632653064
0.03293877551020406
0.035163265306122425
0.034510204081632655
0.03171428571428571
0.03030612244897959
0.02942857142857142
0.036857142857142845
0.03722448979591836
0.03375510204081632
0.03293877551020408
0.033999999999999996
0.033979591836734685
0.034755102040816326
0.03155102040816326
0.026693877551020408
0.034897959183673465
0.03587755102040816
0.0343673469387755
0.03789795918367346
0.03561224489795919
0.03224489795918367
0.03197959183673469
0.04177551020408163
0.03889795918367346
0.03230612244897959
0.03475510204081631
0.033
0.030326530612244895
0.032122448979591836
0.037836734693877536
0.03606122448979592
0.03414285714285714
0.03648979591836733
0.0300204081632653
0.03626530612244896
0.03659183673469386
0.038653061224489804
0.03640816326530611
0.03395918367346937
0.03263265306122448
0.03528571428571428
0.04555102040816328
0.03953061224489795
0.03781632653061223
0.031367346938775506
0.03899999999999999
0.03224489795918367
0.030591836734693862
0.03481632653061223
0.03655102040816327
0.03681632653061224
0.03128571428571427
0.03730612244897958
0.030387755102040823
0.035469387755102035
0.033326530612244894
0.03775510204081632
0.03953061224489794
0.034265306122448984
0.03171428571428571
0.03557142857142857
0.03006122448979592
0.03442857142857142
0.03573469387755101
0.03361224489795917
0.03579591836734693
0.03344897959183674
0.03236734693877551
0.03218367346938775
0.02979591836734694
0.03457142857142856
0.034673469387755104
0.03283673469387755
0.03369387755102041
0.03193877551020407
0.03291836734693876
0.03859183673469387
0.03391836734693877
0.036204081632653054
0.03367346938775509
0.03648979591836734
0.031816326530612234
0.029306122448979587
0.03428571428571429
0.037122448979591834
0.03420408163265306
0.036591836734693864
0.03308163265306122
0.03583673469387754
0.03495918367346938
0.0376938775510204
0.035285714285714274
0.036285714285714275
0.03789795918367347
0.03518367346938775
0.03755102040816325
0.041816326530612236
0.037408163265306105
0.03442857142857142
0.03755102040816326
0.035510204081632656
0.03622448979591837
0.038489795918367334
0.03312244897959184
0.038612244897959176
0.0343469387755102
0.03655102040816327
0.03685714285714285
0.036
0.03765306122448979
0.03465306122448978
0.04130612244897959
0.03414285714285715
0.034938775510204065
0.041040816326530595
0.03444897959183672
0.03604081632653061
0.04289795918367346
0.03436734693877551
0.03653061224489797
0.03618367346938772
0.03861224489795917
0.03824489795918367
0.03673469387755101
0.034510204081632634
0.032979591836734684
0.03840816326530611
0.03640816326530611
0.03571428571428571
0.03320408163265306
0.03640816326530611
0.0346938775510204
0.041489795918367336
0.04808163265306123
0.046183673469387745
0.03518367346938775
0.04012244897959182
0.04065306122448979
0.03871428571428571
0.03997959183673468
0.03653061224489795
0.039428571428571424
0.04104081632653061
0.03675510204081631
0.04393877551020407
0.04146938775510204
0.03483673469387755
0.03412244897959183
0.041326530612244894
0.03359183673469387
0.03822448979591835
0.04651020408163263
0.0326530612244898
0.03553061224489796
0.03765306122448978
0.10322448979591833
0.06222448979591836
0.03732653061224489
0.038142857142857145
0.03126530612244899
0.03473469387755101
0.04242857142857141
0.031224489795918364
0.0316530612244898
0.031244897959183667
0.033857142857142856
0.03846938775510203
0.0326938775510204
0.0393469387755102
0.03406122448979591
0.03557142857142855
0.029469387755102036
0.5742857142857141
0.03387755102040816
0.04014285714285713
0.03214285714285714
0.03565306122448979
0.03632653061224489
0.035857142857142844
0.03610204081632653
0.03661224489795917
0.03912244897959182
0.03632653061224488
0.03442857142857142
0.034530612244897965
0.03395918367346939
0.04161224489795917
0.03187755102040815
0.034653061224489794
0.043428571428571414
0.0343877551020408
0.03465306122448979
0.032795918367346945
0.032959183673469394
0.03232653061224489
0.031367346938775506
0.035020408163265286
0.03136734693877552
0.03536734693877551
0.03763265306122448
0.03253061224489795
0.04142857142857142
0.03308163265306122
0.03446938775510204
0.03587755102040816
0.03583673469387755
0.03324489795918367
0.033591836734693875
0.032122448979591836
0.0327142857142857
0.03253061224489795
0.03585714285714286
0.043734693877550995
0.033081632653061216
0.03540816326530612
0.032979591836734684
0.03528571428571428
0.033653061224489786
0.034244897959183666
0.0346326530612245
0.03385714285714284
0.03391836734693878
0.04228571428571428
0.0334081632653061
0.034857142857142864
0.033448979591836736
0.03742857142857142
0.03291836734693879
0.035632653061224484
0.03489795918367346
0.03302040816326529
0.031591836734693866
0.03587755102040816
0.034857142857142843
0.03399999999999999
0.03881632653061224
0.03555102040816327
0.032122448979591836
0.036795918367346934
0.033448979591836736
0.029061224489795912
0.03697959183673469
0.03457142857142857
0.03218367346938775
0.0327142857142857
0.03320408163265306
0.03277551020408163
0.03518367346938775
0.03591836734693877
0.0373061224489796
0.03383673469387755
0.039999999999999994
0.03653061224489795
0.03465306122448978
0.03163265306122448
0.039938775510204076
0.03132653061224489
0.031612244897959184
0.029551020408163275
0.03189795918367347
0.03165306122448978
0.03444897959183673
0.034999999999999996
0.03740816326530612
0.03551020408163265
0.03693877551020407
0.036
0.031061224489795917
0.03922448979591836
0.03948979591836733
0.03526530612244897
0.03716326530612245
0.0353469387755102
0.03953061224489795
0.03246938775510204
0.03855102040816326
0.0377142857142857
0.03610204081632652
0.036061224489795915
0.03432653061224489
0.03857142857142856
0.033918367346938774
0.043
0.03559183673469387
0.035469387755102035
0.03589795918367345
0.037020408163265295
0.04022448979591836
0.033020408163265305
0.03320408163265306
0.03506122448979591
0.03728571428571428
0.03981632653061224
0.03540816326530612
0.03685714285714285
0.036408163265306125
0.03897959183673468
0.034653061224489794
0.030285714285714284
0.035306122448979585
0.03520408163265306
0.03328571428571429
0.03867346938775511
0.04169387755102039
0.039510204081632645
0.03930612244897958
0.03975510204081631
0.0316734693877551
0.0373469387755102
0.042428571428571434
0.037244897959183676
0.03608163265306122
0.03261224489795918
0.036224489795918365
0.03644897959183674
0.04118367346938774
0.03846938775510203
0.033938775510204064
0.0417142857142857
0.03932653061224489
0.033448979591836736
0.035795918367346934
0.04238775510204081
0.030571428571428562
0.03510204081632652
0.03716326530612244
0.034979591836734686
0.03248979591836734
0.03995918367346938
0.036285714285714275
0.038428571428571416
0.038836734693877537
0.035979591836734694
0.03312244897959182
0.0343265306122449
0.03863265306122449
0.03755102040816326
0.038857142857142854
0.034163265306122445
0.03865306122448979
0.03455102040816326
0.03830612244897959
0.03385714285714284
0.035387755102040806
0.042959183673469375
0.03675510204081633
0.03840816326530611
0.03936734693877549
0.03530612244897959
0.03361224489795919
0.038673469387755094
0.039489795918367356
0.04095918367346938
0.035061224489795914
0.035163265306122446
0.04173469387755101
0.03528571428571428
0.03361224489795918
0.038081632653061234
0.03377551020408162
0.033326530612244894
0.03430612244897959
0.038795918367346936
0.0360408163265306
0.0343469387755102
0.03624489795918367
0.036693877551020396
0.037551020408163265
0.03644897959183672
0.03408163265306123
0.03432653061224489
0.03661224489795918
0.032755102040816324
0.038102040816326524
0.03814285714285713
0.035653061224489795
0.03728571428571428
0.03728571428571427
0.03291836734693877
0.034204081632653045
0.03855102040816327
0.035755102040816306
0.0353265306122449
0.03810204081632652
0.03412244897959184
0.0346734693877551
0.036836734693877556
0.04038775510204082
0.03414285714285714
0.03391836734693877
0.037551020408163265
0.03618367346938774
0.035755102040816326
0.042387755102040806
0.040612244897959185
0.03918367346938776
0.033938775510204085
0.03363265306122447
0.03504081632653061
0.034346938775510205
0.03530612244897959
0.035408163265306124
0.034918367346938775
0.03951020408163263
0.036999999999999984
0.03824489795918367
0.03332653061224488
0.03275510204081631
0.04157142857142857
0.03463265306122449
0.0383469387755102
0.0373469387755102
0.034897959183673465
0.03481632653061222
0.03793877551020408
0.03587755102040816
0.03406122448979592
0.03985714285714285
0.03785714285714286
0.045
0.03336734693877551
0.03881632653061223
0.03197959183673469
0.045163265306122434
0.03716326530612245
0.04391836734693876
0.0376734693877551
0.03571428571428571
0.037653061224489796
0.03306122448979592
0.034469387755102034
0.03548979591836734
0.03461224489795918
0.031448979591836734
0.03806122448979592
0.03524489795918367
0.03257142857142857
0.0340204081632653
0.04077551020408162
