0.059224489795918336
0.0828367346938775
0.029938775510204085
0.28367346938775504
0.08687755102040814
0.09493877551020405
0.04061224489795917
0.0419183673469385
0.03171428571428571
0.03538775510204081
0.029816326530612253
0.029387755102040794
0.23340816326530612
0.03585714285714286
0.02830612244897959
0.0320204081632653
0.231142857142857135
0.03281632653061223
0.030510204081632648
0.03457142857142856
0.045510204081632644
0.03497959183673469
0.03542857142857143
0.033653061224489786
0.029040816326530612
0.02791836734693878
0.03320408163265306
0.026959183673469382
0.030061224489795917
0.03724489795918366
0.033571428571428565
0.03248979591836734
0.03116326530612244
0.02887755102040816
0.026551020408163265
0.029061224489795916
0.04138775510204082
0.032959183673469394
0.02920408163265306
0.025387755102040815
0.030102040816326538
0.029122448979591837
0.03265306122448979
0.03424489795918367
0.03461224489795918
0.03179591836734693
0.030142857142857134
0.032408163265306114
0.027122448979591846
0.029061224489795912
0.03187755102040816
0.03381632653061224
0.03008163265306121
0.02471428571428572
0.030775510204081633
0.03285714285714285
0.02555102040816326
0.03159183673469386
0.028999999999999998
0.026020408163265306
0.036897959183673466
0.02769387755102041
0.03408163265306123
0.028428571428571425
0.02620408163265306
0.03430612244897959
0.028959183673469387
0.029040816326530598
0.03157142857142856
0.031244897959183667
0.03371428571428571
0.03642857142857143
0.030959183673469386
0.029612244897959168
0.03463265306122448
0.02955102040816326
0.03473469387755101
0.031204081632653046
0.029224489795918362
0.03108163265306122
0.03008163265306122
0.038020408163265296
0.035693877551020416
0.03130612244897958
0.029551020408163268
0.031204081632653046
0.030632653061224493
0.03271428571428571
0.03381632653061224
0.028632653061224478
0.03126530612244899
0.03012244897959183
0.027183673469387753
0.03379591836734692
0.029326530612244894
0.03183673469387756
0.03802040816326529
0.03330612244897958
0.03344897959183672
0.027775510204081623
0.03597959183673467
0.03208163265306123
0.03640816326530611
0.02857142857142857
0.029061224489795912
0.03520408163265306
0.0286938775510204
0.02838775510204081
0.028102040816326525
0.029714285714285704
0.031122448979591832
0.028306122448979582
0.0320204081632653
0.027510204081632645
0.029204081632653048
0.029938775510204088
0.028142857142857133
0.027448979591836734
0.03461224489795917
0.04616326530612245
0.046591836734693866
0.04642857142857133
0.06685714285714284
0.0564081632653064
0.03577551020408162
0.030469387755102034
0.0343673469387755
0.03012244897959183
0.028795918367346934
0.025836734693877546
0.0286734693877551
0.03469387755102041
0.030632653061224483
0.027102040816326528
0.03036734693877551
0.02932653061224488
0.031224489795918353
0.031081632653061228
0.031795918367346944
0.029367346938775515
0.03593877551020407
0.030775510204081622
0.030448979591836733
0.027734693877551026
0.04599999999999997
0.03361224489795917
0.02616326530612244
0.027020408163265307
0.025469387755102033
0.027959183673469386
0.02602040816326531
0.029551020408163264
0.034142857142857135
0.03712244897959182
0.03412244897959183
0.026938775510204068
0.030387755102040812
0.030571428571428555
0.02730612244897959
0.034142857142857114
0.03381632653061224
0.028632653061224478
0.031265306122448974
0.02591836734693878
0.03114285714285714
0.028142857142857147
0.024734693877551023
0.03124489795918368
0.034795918367346926
0.027734693877551016
0.03067346938775509
0.028918367346938773
0.0276530612244898
0.029204081632653058
0.028326530612244893
0.029693877551020396
0.023897959183673476
0.0353265306122449
0.036551020408163264
0.03142857142857142
0.035122448979591825
0.02981632653061224
0.03630612244897957
0.03826530612244897
0.03532653061224488
0.02820408163265306
0.036122448979591826
0.03159183673469388
0.03189795918367346
0.03261224489795918
0.03359183673469388
0.03312244897959183
0.028224489795918368
0.03797959183673467
0.02477551020408163
0.02840816326530612
0.03200000000000001
0.03038775510204081
0.031489795918367335
0.032081632653061215
0.03608163265306122
0.031653061224489784
0.031244897959183657
0.09589795918367343
0.03218367346938776
0.028408163265306
0.039469387755102024
0.02728571428571428
0.044673469387755106
0.026367346938775515
0.04279591836734692
0.037387755102040815
0.029306122448979594
0.041918367346938754
0.02975510204081632
0.03048979591836734
0.026489795918367347
0.02487755102040816
0.029816326530612246
0.03289795918367347
0.028857142857142838
0.0250204081632653
0.03283673469387755
0.028653061224489795
0.048265306122448975
0.02655102040816328
0.0343469387755102
0.025102040816326526
0.0273265306122449
0.02848979591836734
0.03138775510204082
0.02826530612244897
0.03395918367346937
0.03275510204081631
0.04167346938775508
0.026224489795918376
0.030183673469387752
0.030428571428571426
0.0333265306122449
0.03636734693877549
0.030530612244897955
0.036102040816326536
0.03071428571428572
0.0346938775510204
0.03614285714285713
0.025836734693877553
0.031244897959183667
0.030102040816326524
0.03348979591836732
0.03620408163265304
0.036285714285714275
0.02981632653061224
0.034204081632653066
0.02840816326530611
0.04157142857142856
0.028102040816326522
0.04151020408163264
0.029999999999999992
0.031163265306122453
0.03199999999999999
0.025142857142857144
0.030489795918367337
0.02787755102040816
0.03312244897959183
0.02661224489795919
0.030081632653061224
0.03851020408163265
0.03216326530612244
0.032040816326530594
0.02661224489795918
0.0300204081632653
0.026836734693877547
0.02748979591836734
0.028693877551020402
0.034530612244897944
0.033775510204081635
0.035959183673469376
0.03195918367346938
0.03140816326530611
0.03214285714285713
0.028897959183673477
0.033306122448979576
0.037224489795918345
0.034673469387755076
0.027285714285714274
0.029591836734693865
0.033142857142857134
0.03426530612244897
0.02795918367346939
0.030224489795918366
0.044224489795918344
0.02908163265306122
0.02806122448979592
0.030408163265306126
0.028755102040816324
0.03759183673469387
0.02806122448979592
0.03379591836734693
0.028367346938775514
0.03253061224489795
0.02963265306122448
0.026653061224489783
0.03846938775510204
0.027408163265306124
0.03055102040816327
0.030999999999999986
0.030489795918367337
0.03389795918367346
0.031102040816326518
0.025836734693877553
0.035204081632653046
0.02908163265306122
0.026530612244897965
0.03359183673469387
0.033163265306122444
0.03083673469387754
0.032265306122448975
0.025489795918367354
0.03320408163265306
0.028530612244897956
0.027591836734693873
0.026857142857142864
0.03020408163265305
0.03391836734693877
0.02842857142857142
0.03773469387755102
0.03130612244897959
0.029795918367346942
0.03677551020408162
0.03789795918367346
0.031367346938775506
0.031346938775510196
0.03042857142857143
0.037795918367346935
0.02975510204081632
0.026571428571428583
0.04740816326530611
0.03444897959183673
0.03506122448979592
0.03102040816326531
0.02973469387755102
0.028877551020408145
0.033959183673469374
0.03106122448979591
0.04220408163265305
0.03322448979591835
0.034020408163265306
0.029673469387755096
0.028775510204081627
0.028387755102040817
0.03222448979591836
0.033959183673469374
0.027387755102040813
0.033224489795918355
0.03259183673469386
0.02965306122448979
0.03928571428571427
0.034999999999999996
0.02640816326530612
0.03938775510204081
0.02834693877551021
0.030265306122448977
0.03099999999999999
0.03181632653061225
0.02518367346938775
0.03379591836734693
0.03448979591836733
0.026653061224489797
0.032693877551020406
0.033551020408163254
0.0320204081632653
0.03016326530612245
0.034306122448979584
0.02916326530612245
0.035040816326530604
0.0306734693877551
0.034755102040816326
0.032979591836734684
0.030795918367346936
0.03269387755102041
0.0336734693877551
0.03508163265306121
0.030591836734693876
0.03510204081632653
0.037571428571428554
0.026734693877551025
0.034897959183673465
0.03597959183673468
0.030693877551020408
0.0353673469387755
0.031061224489795914
0.03573469387755103
0.029265306122448966
0.026448979591836737
0.03273469387755101
0.03110204081632653
0.03928571428571427
0.026122448979591845
0.037163265306122455
0.03634693877551021
0.03320408163265305
0.03059183673469388
0.03757142857142857
0.02893877551020408
0.03536734693877549
0.036959183673469384
0.028530612244897956
0.03044897959183673
0.03187755102040816
0.031
0.034183673469387756
0.03189795918367346
0.0420408163265306
0.040265306122448975
0.0296734693877551
0.03326530612244898
0.031448979591836734
0.02871428571428571
0.032510204081632646
0.031061224489795924
0.03618367346938775
0.03183673469387753
0.029999999999999995
0.030795918367346936
0.032448979591836735
0.02753061224489796
0.03257142857142857
0.027265306122448985
0.0353061224489796
0.02810204081632653
0.03122448979591836
0.029714285714285704
0.033183673469387755
0.03273469387755101
0.031367346938775506
0.03328571428571429
0.03444897959183672
0.028612244897959178
0.03512244897959183
0.030183673469387752
0.029836734693877546
0.029142857142857137
0.030326530612244888
0.031142857142857135
0.028285714285714282
0.030163265306122445
0.03228571428571428
0.03793877551020406
0.030755102040816315
0.03551020408163263
0.03642857142857142
0.0356734693877551
0.02810204081632653
0.03097959183673469
0.03651020408163265
0.02924489795918367
0.03289795918367346
0.03238775510204082
0.03163265306122448
0.03332653061224489
0.03195918367346938
0.025142857142857144
0.03528571428571428
0.036081632653061226
0.03281632653061224
0.030489795918367337
0.028918367346938777
0.030857142857142843
0.027387755102040817
0.03216326530612244
0.0333061224489796
0.02800000000000001
0.03220408163265306
0.03881632653061225
0.033755102040816325
0.03063265306122448
0.031857142857142855
0.035102040816326535
0.029183673469387758
0.03161224489795917
0.03475510204081631
0.03344897959183673
0.04653061224489792
0.037040816326530605
0.030204081632653056
0.03699999999999999
0.030285714285714284
0.029224489795918362
0.03155102040816326
0.03306122448979591
0.0500816326530612
0.04497959183673468
0.029408163265306115
0.03612244897959185
0.039408163265306106
0.04459183673469388
0.030510204081632658
0.04173469387755101
0.04155102040816327
0.028816326530612245
