0.2692448979591836
0.037959183673469385
0.03455102040816324
0.022877551020408164
0.020081632653061236
0.031591836734693866
0.02487755102040817
0.2730816326530612
0.017734693877551028
0.025204081632653058
0.022591836734693883
0.022795918367346943
0.022938775510204085
0.022591836734693886
0.023918367346938776
0.02593877551020408
0.02083673469387756
0.021571428571428578
0.023
0.0450408163265306
0.018448979591836744
0.02263265306122449
0.017040816326530622
0.024857142857142855
0.03130612244897958
0.021081632653061236
0.02730612244897959
0.03146938775510204
0.01924489795918368
0.02510204081632654
0.028428571428571428
0.021795918367346935
0.026367346938775515
0.02202040816326531
0.024938775510204077
0.02089795918367348
0.02375510204081633
0.02489795918367347
0.026816326530612236
0.02424489795918368
0.024591836734693888
0.020163265306122457
0.021857142857142867
0.02187755102040817
0.021265306122448986
0.02181632653061225
0.029346938775510197
0.025163265306122447
0.023755102040816326
0.03055102040816326
0.018448979591836744
0.021020408163265315
0.02546938775510204
0.021122448979591847
0.021836734693877556
0.018408163265306133
0.024142857142857136
0.023897959183673465
0.023061224489795917
0.019755102040816337
0.02661224489795918
0.02159183673469389
0.01826530612244899
0.01667346938775511
0.028673469387755102
0.025306122448979586
0.01932653061224491
0.023755102040816326
0.02438775510204082
0.024938775510204087
0.022959183673469396
0.019918367346938783
0.020285714285714292
0.024061224489795918
0.021142857142857147
0.028612244897959174
0.02810204081632653
0.021877551020408163
0.030510204081632648
0.02226530612244898
0.02291836734693877
0.026612244897959176
0.028510204081632635
0.030612244897959176
0.017224489795918375
0.02487755102040816
0.02395918367346939
0.021122448979591844
0.02271428571428572
0.02381632653061224
0.02110204081632653
0.022367346938775512
0.024387755102040814
0.02457142857142858
0.027897959183673462
0.022224489795918373
0.027204081632653056
0.018877551020408175
0.023102040816326528
0.01824489795918368
0.023938775510204083
0.040285714285714265
0.02310204081632653
0.023346938775510213
0.02404081632653061
0.02314285714285715
0.019795918367346947
0.023999999999999997
0.02277551020408164
0.02538775510204081
0.022755102040816332
0.021367346938775518
0.0239795918367347
0.026285714285714277
0.02020408163265307
0.021510204081632664
0.019877551020408175
0.02753061224489794
0.022204081632653066
0.02755102040816326
0.02338775510204082
0.025857142857142856
0.018714285714285725
0.023204081632653056
0.02342857142857143
0.025142857142857137
0.025346938775510208
0.026061224489795927
0.021285714285714293
0.024061224489795918
0.027081632653061224
0.023367346938775516
0.019000000000000013
0.02279591836734694
0.02640816326530612
0.022795918367346943
0.029204081632653055
0.02224489795918367
0.025183673469387744
0.019326530612244906
0.025979591836734692
0.01916326530612246
0.02293877551020409
0.024346938775510207
0.025693877551020407
0.01877551020408164
0.021448979591836746
0.018918367346938785
0.025244897959183672
0.03177551020408162
0.023489795918367348
0.021714285714285714
0.021897959183673477
0.023816326530612247
0.017775510204081642
0.01842857142857144
0.03093877551020408
0.021591836734693882
0.01973469387755103
0.023612244897959184
0.026469387755102033
0.01875510204081634
0.020877551020408176
0.02620408163265306
0.028795918367346945
0.0189591836734694
0.01836734693877552
0.021244897959183683
0.022632653061224493
0.022061224489795923
0.019081632653061238
0.024836734693877552
0.02026530612244899
0.027204081632653063
0.02036734693877552
0.019142857142857152
0.02179591836734695
0.02348979591836735
0.018326530612244908
0.021632653061224492
0.0166326530612245
0.02775510204081632
0.020428571428571435
0.024918367346938777
0.025020408163265305
0.022081632653061227
0.024775510204081627
0.023816326530612247
0.022224489795918376
0.016653061224489805
0.022306122448979594
0.02261224489795919
0.018530612244897972
0.018714285714285725
0.02579591836734695
0.023571428571428573
0.024367346938775514
0.02240816326530613
0.018591836734693886
0.018142857142857155
0.03504081632653061
0.025244897959183672
0.02953061224489796
0.0206122448979592
0.023755102040816333
0.02414285714285714
0.021979591836734702
0.020122448979591846
0.018653061224489804
0.01936734693877552
0.0313469387755102
0.022244897959183677
0.024285714285714292
0.02314285714285715
0.02516326530612245
0.021551020408163275
0.021142857142857154
0.022163265306122445
0.027673469387755095
0.027795918367346927
0.023428571428571437
0.02479591836734693
0.021122448979591844
0.02393877551020408
0.031877551020408144
0.023387755102040827
0.021163265306122458
0.022469387755102044
0.026204081632653062
0.023510204081632652
0.02728571428571428
0.02381632653061225
0.034244897959183666
0.021857142857142867
0.023102040816326542
0.02228571428571429
0.029571428571428582
0.02804081632653061
0.02089795918367348
0.02291836734693878
0.020897959183673483
0.019877551020408175
0.02520408163265305
0.026102040816326538
0.020285714285714296
0.02591836734693877
0.023265306122448988
0.028591836734693874
0.021285714285714297
0.01989795918367348
0.030326530612244898
0.02518367346938775
0.03199999999999999
0.027816326530612244
0.021612244897959185
0.01920408163265307
0.025387755102040808
0.022428571428571433
0.024081632653061222
0.022612244897959183
0.030755102040816325
0.021673469387755107
0.02504081632653061
0.02051020408163266
0.023469387755102038
0.02273469387755102
0.0293673469387755
0.024612244897959188
0.0193061224489796
0.022489795918367347
0.020795918367346945
0.0216530612244898
0.02328571428571429
0.023244897959183677
0.033142857142857134
0.02273469387755102
0.032408163265306114
0.021714285714285714
0.02502040816326532
0.02704081632653061
0.02989795918367347
0.021530612244897968
0.024836734693877552
0.02491836734693878
0.030367346938775505
0.02044897959183675
0.021040816326530626
0.021122448979591844
0.02126530612244899
0.019428571428571437
0.02759183673469388
0.0219795918367347
0.02446938775510203
0.022224489795918373
0.02283673469387755
0.02732653061224489
0.02295918367346939
0.022122448979591838
0.027326530612244892
0.0233061224489796
0.022897959183673475
0.01840816326530613
0.023571428571428577
0.02510204081632653
0.018224489795918373
0.023673469387755105
0.02044897959183675
0.02228571428571429
0.025040816326530616
0.025204081632653055
0.021163265306122458
0.03042857142857141
0.02546938775510204
0.018428571428571437
0.027163265306122435
0.02351020408163265
0.024918367346938773
0.027959183673469393
0.0229795918367347
0.020000000000000007
0.022489795918367354
0.022367346938775515
0.02722448979591837
0.018938775510204092
0.024469387755102042
0.02181632653061225
0.021183673469387765
0.02032653061224491
0.021632653061224496
0.03418367346938775
0.020673469387755113
0.022897959183673475
0.03181632653061223
0.01957142857142858
0.025653061224489803
0.022265306122448984
0.020448979591836745
0.022551020408163275
0.01853061224489797
0.024816326530612245
0.02285714285714286
0.024673469387755102
0.021306122448979597
0.02187755102040817
0.02391836734693878
0.023734693877551016
0.023857142857142858
0.02820408163265306
0.02630612244897958
0.02040816326530613
0.026795918367346936
0.024285714285714292
0.02006122448979593
0.02040816326530613
0.022204081632653066
0.018448979591836744
0.02657142857142857
0.025142857142857147
0.02191836734693878
0.025122448979591833
0.018693877551020418
0.02126530612244899
0.024918367346938787
0.030897959183673464
0.02530612244897959
0.026020408163265306
0.02951020408163266
0.021183673469387765
0.02073469387755103
0.021959183673469388
0.01916326530612246
0.026571428571428576
0.026306122448979587
0.02381632653061225
0.022081632653061227
0.02142857142857144
0.02955102040816325
0.03067346938775509
0.02473469387755102
0.02146938775510205
0.03222448979591835
0.02593877551020408
0.02538775510204081
0.023408163265306127
0.020510204081632663
0.019816326530612254
0.033551020408163254
0.020163265306122464
0.021122448979591844
0.024897959183673463
0.02508163265306123
0.026306122448979594
0.021122448979591844
0.018857142857142867
0.01700000000000001
0.024306122448979596
0.028367346938775514
0.02575510204081633
0.02616326530612245
0.02753061224489797
0.025244897959183676
0.02304081632653062
0.026448979591836726
0.023489795918367348
0.02379591836734694
0.02916326530612245
0.021571428571428578
0.02595918367346939
0.0269795918367347
0.02059183673469388
0.021020408163265312
0.022571428571428572
0.022285714285714284
0.02591836734693878
0.025244897959183665
0.027183673469387756
0.018938775510204092
0.02661224489795918
0.02016326530612246
0.024755102040816327
0.022959183673469396
0.023755102040816333
0.022653061224489807
0.02704081632653061
0.023387755102040813
0.031204081632653063
0.018877551020408175
0.02057142857142858
0.01736734693877552
0.02112244897959184
0.01726530612244899
0.02759183673469388
0.02355102040816327
0.028877551020408163
0.020285714285714296
0.026
0.023469387755102034
0.02310204081632653
0.02065306122448981
0.027408163265306117
0.024938775510204077
0.02100000000000001
0.023367346938775516
0.022755102040816325
0.030204081632653052
0.024489795918367342
0.034346938775510184
0.02428571428571428
0.026775510204081632
0.030265306122448977
0.0199591836734694
0.024142857142857136
0.022489795918367347
0.020591836734693884
0.02773469387755102
0.02446938775510204
0.03148979591836735
0.02538775510204081
0.02193877551020409
0.024183673469387764
0.021224489795918372
0.03187755102040816
0.025020408163265312
0.022612244897959186
0.022469387755102044
0.02436734693877551
0.03134693877551019
0.021612244897959196
0.02397959183673469
0.01861224489795919
0.03175510204081633
0.021448979591836746
0.023061224489795924
0.03483673469387755
0.024632653061224488
0.021714285714285724
0.018755102040816336
0.02302040816326531
0.019653061224489808
0.030285714285714277
0.02710204081632653
0.028489795918367346
0.024306122448979593
0.022061224489795927
0.026510204081632648
0.023040816326530614
0.02483673469387755
0.025591836734693868
0.020979591836734705
0.026653061224489783
0.025755102040816335
0.030530612244897937
0.01916326530612246
0.02651020408163265
0.020040816326530625
0.02744897959183673
0.019142857142857152
0.024857142857142855
0.023306122448979595
0.02138775510204082
