22.463665
136.1029
93.35201
176.31334
147.5187
131.0783
114.16169
783.7033
698.0509
630.3358
574.03156
527.4458
488.1509
454.3693
424.90115
399.25577
399.05576
399.60583
57.689316
31.451944
30.544147
16.737846
42.10942
397.00296
31.41912
56.73861
41.328873
386.07077
56.181206
357.90323
399.4062
41.536972
354.9074
41.731117
40.21134
14.319567
55.161266
41.470684
355.51685
382.81287
387.542
43.499115
384.49164
14.069126
401.02628
358.31604
41.978386
15.445274
358.67004
27.937912
29.304646
31.528118
14.104881
27.083097
359.48926
374.8669
13.164459
40.584946
27.00209
40.21023
387.25037
14.58861
12.516435
26.903122
13.684459
357.73303
14.110753
15.248014
16.299713
28.258703
357.97833
41.748512
29.38858
12.3888645
39.83297
41.457478
357.1125
42.61264
14.871474
30.228907
41.854935
12.40967
17.405712
14.702399
14.526558
12.478403
14.578714
358.37454
13.707048
12.145733
13.162419
14.262657
358.44504
40.5391
12.721798
39.762268
12.767327
27.752304
13.445164
360.4429
14.182868
12.096163
15.489885
12.281204
12.478703
12.514872
12.129312
12.448067
12.233155
12.062613
12.94463
12.856144
12.824109
12.78286
11.727451
12.353603
12.446322
12.247079
11.957511
12.17314
12.594045
11.849106
11.978722
13.516542
713.21735
12.120807
12.236944
24.644266
12.672653
702.8903
12.080776
12.669283
12.33441
24.523209
12.155951
701.75415
24.835852
12.048694
12.679658
13.00058
702.04083
13.496294
701.85565
24.66866
13.860837
702.0042
12.02474
11.928147
13.084609
702.34375
24.061045
12.306562
12.698019
12.154047
25.554188
13.092529
12.389517
11.842634
24.948439
12.297728
702.21185
702.1665
24.289713
12.132205
701.6332
24.6105
12.132431
13.083315
12.039732
11.990962
12.1238575
12.385517
23.869907
12.95251
11.783809
12.802813
13.134024
11.903431
11.853783
701.92847
11.891484
702.2362
13.27099
12.643975
12.733155
11.717773
701.22644
713.58716
11.958771
24.442593
11.716555
13.0067625
25.527363
25.04888
23.528217
703.1451
12.830946
11.425781
13.299524
714.1654
12.266461
12.564676
12.269556
12.496594
12.371202
11.790597
702.1117
11.631827
12.310762
12.996436
26.35677
1088.3163
11.847896
399.15933
410.2829
11.840235
11.452483
398.54993
715.5892
23.423351
398.19897
12.378971
12.071147
397.7656
12.574998
15.20401
12.227591
12.386686
12.070664
11.817041
12.453026
11.397983
12.165516
12.412746
12.501722
11.595124
13.552109
397.8322
12.015432
11.592294
12.120733
13.295785
398.1266
398.71124
11.422407
11.643412
11.906041
12.417634
398.08328
12.411732
12.234024
11.621531
12.627311
14.7734585
12.375649
13.600382
11.375044
12.70985
11.584692
12.159828
11.419257
11.989321
12.055581
11.702795
12.909006
397.32095
12.404744
12.448818
12.273786
12.122824
11.797325
12.752106
14.522899
11.638529
400.09763
11.753977
12.964126
13.906092
12.257708
11.690163
398.0893
12.559831
398.13736
12.118498
398.56177
12.927003
12.676538
12.50514
14.328684
12.242035
11.165819
11.729799
399.48996
11.7701645
397.30322
13.678743
12.244454
12.268819
11.831638
13.324165
12.878016
12.147456
12.196881
13.318758
11.943538
13.130624
11.645678
12.479553
11.979083
12.14817
12.348911
12.621796
12.375319
12.074604
11.772195
12.412187
11.65103
12.172522
12.135141
12.305611
12.599443
11.943663
11.528948
11.900724
12.059567
12.210477
12.302301
12.791416
11.85067
11.681726
12.644419
11.779763
12.537817
11.889191
12.133653
12.123706
11.581566
12.4645
12.08794
12.1269
11.456593
12.0457945
12.097042
12.285409
12.338906
12.035684
12.013975
11.712919
12.616964
12.098366
12.385175
12.460761
12.624332
11.109663
11.841943
12.356402
11.7819
12.097526
12.166929
12.58242
11.278645
11.635585
11.43346
12.106311
12.658957
11.95422
11.7999325
12.247202
11.95737
11.539927
12.455799
12.903526
12.19958
11.23827
11.787537
12.831186
12.149877
12.076567
12.599258
13.4329815
13.014067
12.509125
12.054979
12.626325
11.635855
12.165567
11.703899
12.194086
11.397358
11.933632
12.082903
12.753018
11.961518
11.689071
12.917751
11.948245
11.968941
12.535555
12.588093
12.213276
12.753696
12.872325
12.00326
13.178327
11.802721
12.602022
11.786219
12.128792
12.8704605
11.315241
13.251079
11.801053
12.765638
12.887985
13.10928
12.682392
13.259407
13.272617
12.778576
12.644988
12.615428
12.848131
13.468985
13.753546
12.701594
12.478013
12.448872
12.633874
12.936848
11.875029
12.111216
12.84289
13.072191
12.299929
12.53949
11.60054
13.276754
12.559864
13.081179
12.836112
13.004894
12.797885
11.984024
12.543423
13.058087
12.364015
12.90917
12.344931
12.554749
12.762924
12.924638
13.068485
13.136827
12.613125
12.043734
12.470565
12.865688
12.5663395
12.958826
12.511686
12.276348
12.2380085
12.304833
12.162821
12.886775
12.519937
12.484503
12.809057
12.689505
12.661058
12.062315
11.815638
12.627037
12.584501
12.511558
12.936433
12.7153015
12.01097
12.481257
12.004511
11.779498
12.653832
12.494956
12.788436
12.554809
12.414331
12.47551
12.804258
11.5342245
11.656451
12.768276
12.703385
12.191324
12.87092
12.569017
12.7699795
12.425627
12.333784
12.232382
12.471313
