206.47552
108.45851
74.39879
56.937218
46.402863
39.76357
34.898643
58.028976
52.084488
47.42616
43.564964
40.38178
37.685143
35.365757
33.39403
31.727188
31.741592
31.484673
31.632421
18.57182
31.547195
31.589651
18.972761
18.048752
18.281425
31.814966
5.7189455
18.556286
5.478671
31.562218
31.881552
5.8382983
31.705465
19.01419
31.82651
5.951413
18.792513
31.72794
17.987051
5.4234304
5.245826
19.01333
18.203926
17.894196
18.93805
4.7331586
19.251469
17.815016
18.107346
18.066721
18.143028
5.4054375
5.5690403
18.79059
17.995277
5.689458
4.8756766
18.945648
4.901678
18.735903
5.7316895
17.610405
5.7168517
5.7275386
5.1211967
4.9062233
5.911207
18.619259
5.0317583
18.931515
17.769632
4.844269
18.75122
4.8949137
17.786234
5.13088
19.043777
5.171987
17.425983
18.925589
4.8988647
17.880402
5.2294936
4.95642
5.040164
4.6967716
5.1307597
5.437693
5.256171
17.457441
5.106596
31.08469
31.430546
5.267893
4.889899
18.035728
5.1395526
5.306281
4.869525
4.4218464
4.9686384
5.0132885
4.971855
18.304623
4.813313
4.955885
5.201189
4.800827
4.739138
4.5722113
5.1728745
4.7030454
4.5347195
4.5840654
4.4209204
4.491125
4.370788
4.7537246
4.381612
4.363916
4.3007674
4.6040115
4.051527
4.5781493
4.4469323
4.7093945
4.6679115
4.0147376
4.445692
4.310216
3.794542
4.158265
4.4432793
4.2988243
4.174902
3.8786678
4.089243
3.5582657
3.7355714
3.800395
3.9838166
3.8516092
3.8170576
3.9694257
4.076657
3.4515743
3.71489
3.759337
3.6600711
3.52213
3.573213
3.8684306
3.4472044
3.7833297
3.6098466
3.512518
3.4247959
3.6118693
3.4922132
3.7565072
3.6260586
3.6096244
3.1340783
3.4438174
3.4607563
3.6225014
3.4518814
3.0939732
3.4891877
3.1749678
3.576202
3.36761
3.1727
3.1702921
3.2113726
3.0617456
3.1079228
3.1272123
3.3324332
3.1903586
3.4044898
3.2642548
3.2093282
3.0531604
2.91193
3.284914
2.911843
2.935974
2.8423266
2.9917264
2.9180412
3.0149245
2.9313765
3.0779727
2.5315213
2.7633617
2.8894837
2.79178
2.9159956
2.9499447
3.0003326
2.8135905
2.6868138
2.688914
3.179038
2.5559397
2.8151903
2.7635002
2.63196
2.5810413
2.5866148
2.687593
2.747076
2.46895
2.4427667
2.5534787
2.5455608
2.650564
2.4375687
2.7315829
2.3348832
2.5171523
2.6971533
2.6634345
2.6237574
2.642695
2.4166718
2.4955797
2.5193868
2.6714892
2.3564398
2.3531141
2.4457169
2.2067642
2.3637989
2.0981288
2.2996802
2.274982
2.3421688
2.6555505
2.7849638
2.4481394
2.2175086
2.154541
2.4376895
2.4426875
2.336944
2.1300824
2.2342577
2.3617985
2.2964883
2.260208
2.6001077
2.3821
2.458008
2.1919682
2.3216228
2.206313
2.2366233
2.5029473
2.4880102
2.4419086
2.3509583
2.1669488
2.3290246
2.4167795
2.454804
2.0801806
2.1317744
2.778242
2.4847515
2.1737497
2.4667768
2.624188
2.6012928
2.16853
2.484885
2.4661465
2.4431157
2.3852146
2.4557757
2.29632
2.248701
2.285747
2.6291564
2.1407619
2.266454
2.394617
2.3514717
2.116222
2.4331317
2.2066808
2.2430165
2.184832
2.6265743
2.465901
2.3678594
2.682655
2.4784918
2.5577145
2.2581372
2.3313313
2.4619904
2.0436082
2.1184814
2.3641858
2.1651843
2.2724152
2.2114785
2.0590544
2.423131
2.021277
2.2967772
2.4038203
2.4902577
2.262766
2.091748
2.2338676
2.3773127
2.4905355
2.277841
2.349444
2.1962783
2.1166654
2.2881074
2.0777664
2.0142853
1.8708293
2.3545997
2.2426581
2.168324
2.2656736
2.2391572
2.28742
2.2303627
2.0775957
2.2836075
2.0628603
2.2164183
2.0227106
2.0825696
1.9126569
2.213213
2.0458593
2.1233582
2.0845313
2.1462564
2.056783
1.8862389
1.9639403
1.9087613
2.0556867
2.109128
1.8961451
2.1304212
2.1688766
1.9997702
1.7747537
2.216548
2.1097052
2.1934874
1.8673015
2.057677
2.0921907
1.9209343
2.137516
1.8592588
2.210266
1.8886294
2.0798523
2.1012597
2.1694179
1.953108
1.7589514
1.9953094
2.1929028
2.2132254
2.1398048
1.9333909
1.8995459
1.9839451
2.1328268
1.9924705
2.1988435
2.142063
1.9113369
2.1564748
1.8995249
1.8519487
2.004662
1.8665833
2.1431608
1.8919649
2.1589997
1.5775166
1.7884426
2.0221438
1.9768049
2.084456
1.7190022
1.81956
11.190989
2.1829832
11.175489
1.8314171
1.8418903
2.0398223
2.0244508
2.8391156
2.0630918
2.8387055
1.9746358
2.0996485
11.968379
1.8508357
11.152832
2.4075394
2.1713004
1.9877656
2.1822047
11.0094595
11.773863
1.8734487
2.1457727
2.5871077
11.265874
1.9918666
2.022304
1.9734826
1.7244693
2.5569878
11.745445
1.9725478
2.0173922
2.1230254
1.8033639
2.1523223
2.0513477
2.1494164
11.914238
2.0906594
1.8966167
1.8397529
2.749042
2.0474675
2.000758
2.1756248
2.0951314
2.0243442
2.0657797
10.9222145
2.2096376
1.7717764
2.1653671
1.8826313
2.1372516
2.1190197
2.1820235
1.9031795
1.8240929
2.6067162
2.4803243
2.0183983
11.190747
2.128129
1.7935517
1.9178443
1.896841
2.225851
2.089159
2.3172433
2.1296816
2.014085
1.8678939
2.9393396
2.1485014
2.225058
1.9387546
11.373223
1.945486
1.8815565
11.209109
2.0574071
1.818961
11.3172865
2.2638268
2.1478322
1.994453
2.0508313
1.8037357
2.6138384
2.0855799
2.1140902
1.9221756
2.5750966
1.969159
1.9337053
1.8424873
1.872102
2.2066646
