553.17456
306.66248
267.11063
223.72989
186.4136
161.33852
142.76077
128.48758
117.47562
107.975204
100.159035
94.34377
89.303825
84.871254
80.91533
77.342094
76.79629
72.367294
75.56211
45.818104
45.013474
76.46969
45.29786
69.36124
70.7045
42.139427
42.121773
42.40712
74.10222
63.02957
77.447624
74.478775
41.37468
73.33029
28.954693
46.236336
64.56738
58.824764
70.49718
75.15442
68.92265
75.25296
62.741955
30.122894
43.48834
72.66855
39.634087
37.06991
64.44209
35.1724
41.781487
33.9746
63.093018
38.93821
66.82245
35.222923
33.29223
34.247078
75.70671
37.543205
32.141216
34.89467
31.426323
76.72992
32.62053
44.982216
75.14911
27.812305
30.031952
28.956379
42.516064
29.637371
32.196896
28.090803
27.538774
59.156483
31.426502
39.20593
30.61456
62.115124
34.278008
28.709763
27.999203
66.144516
64.76281
30.979538
30.578861
33.86004
28.95216
28.371975
40.47821
41.269096
31.02834
46.36404
29.914406
63.26116
42.34007
68.879875
29.792791
29.221464
32.858818
28.52616
31.94969
28.018656
31.938234
30.76539
27.358507
29.127842
28.681713
29.04064
28.530226
27.558664
29.935291
28.27177
30.10455
29.143236
27.111473
30.425823
32.581337
27.649887
28.708809
26.978775
31.45398
27.7661
27.147583
26.85334
28.536114
27.17675
26.747627
26.745195
27.009136
28.770548
26.943928
27.198711
27.023144
26.977245
28.415085
25.7196
27.996923
26.123661
25.95071
26.763004
26.537172
26.368809
25.814823
26.565807
26.241482
27.59963
25.038406
26.074865
26.512882
26.952637
25.803982
26.429302
27.744452
25.353546
27.060032
27.285816
25.068542
26.174917
27.731058
25.47536
26.197271
26.039078
26.76651
27.317673
25.655045
26.063095
26.610764
26.996048
25.14656
26.999777
25.832989
24.806301
25.757484
27.644089
26.262186
26.838266
26.127209
24.436655
26.690311
25.875254
26.284595
26.17188
26.882473
26.659195
26.207043
25.393608
26.981476
26.283863
27.591745
25.025005
26.956577
26.016415
26.419123
26.296513
26.235733
26.105202
27.215876
25.882355
26.836143
25.395477
26.822884
26.24974
24.869263
28.372215
28.121498
29.020212
25.974861
26.463978
27.372532
28.34978
27.434229
30.207645
28.724316
27.131508
26.414991
27.99441
26.294554
24.728605
27.415535
26.837257
27.694574
28.543894
30.834106
26.699303
27.179182
27.61959
28.772345
29.552856
31.813778
27.514257
28.639019
27.456156
30.539457
27.128288
27.24973
91.86659
27.046011
27.395765
31.399147
90.662865
26.33168
27.609259
28.922068
89.44025
89.902214
27.503029
89.15381
89.79225
27.73215
28.843445
27.123997
26.956158
28.14724
31.283426
28.136494
30.645947
27.009426
32.785675
30.829384
27.930626
28.48563
27.858624
30.490116
30.490242
90.5898
27.030571
26.48228
89.27318
29.410711
27.972088
91.00879
31.080307
31.950321
89.86334
30.071863
28.684694
28.372404
26.345613
25.806297
27.956467
27.385925
27.075089
27.336636
87.99071
27.014694
28.952225
27.876038
26.697712
26.878572
29.12619
27.01791
88.77669
87.79462
88.76706
27.522858
28.778664
28.073269
26.405216
28.88246
30.13428
27.12373
25.008484
90.825516
27.448008
26.77414
89.01409
25.75027
27.996714
27.163115
91.46983
27.948322
26.538237
28.2173
26.281857
88.956856
87.54921
26.495224
26.534527
25.844938
27.738255
25.881199
28.741327
25.859224
26.73132
26.328362
87.000885
27.538973
26.85694
29.130371
27.115284
27.476864
26.40606
25.230383
26.277592
25.78947
27.065641
27.246532
26.63846
27.739697
26.818432
28.039612
27.072426
27.38667
24.950958
26.872501
29.409061
27.874681
27.568714
26.428463
26.668695
27.376404
26.6794
28.861423
28.644299
25.333471
26.91332
28.168484
28.392237
27.156935
27.809189
27.342514
25.496479
26.559885
27.775143
27.34414
27.560316
27.579147
27.553444
27.778587
26.49546
27.855932
27.957102
26.633839
29.153742
27.116491
27.418303
27.839905
28.28978
27.506744
27.13347
27.703382
28.232456
28.168724
27.958647
27.563934
28.503899
27.379951
28.702251
26.567799
27.731262
28.266699
28.70238
28.09827
29.12791
30.323027
28.438242
27.617792
30.321123
27.78954
28.096104
26.550873
27.64449
26.776554
26.688227
27.938606
27.12675
28.337847
27.705608
28.950857
28.21891
27.639511
28.535954
28.59829
26.982021
27.807682
26.932402
28.181213
28.439295
27.953495
27.336002
28.14854
26.117468
28.603748
26.61658
28.097141
29.194004
28.257048
26.921106
28.486988
28.383533
29.27018
27.756
26.846275
27.707798
28.419182
29.2051
29.295925
27.237688
28.457954
26.591965
28.577232
26.869894
27.188316
27.855251
27.670498
27.734352
28.381758
26.392336
27.931068
27.287098
27.677181
29.260265
27.672709
28.842192
27.84286
28.367157
29.352726
27.675938
26.967129
28.326359
27.711485
28.393414
26.729816
29.468136
28.55
28.279373
26.696312
27.518316
27.962444
28.114567
28.293192
26.938799
25.644913
26.858612
27.366287
26.864655
28.32669
26.071564
27.192724
27.544178
26.304092
27.198154
27.03477
28.603674
25.576035
27.066751
28.037664
27.514328
26.45131
27.986664
27.904346
26.974337
27.017998
28.318647
27.892284
28.448065
28.386374
27.014343
