0.1379183469387755
0.13344304081632652
0.1312763469387755
0.1354375714285714
0.1271868163265306
0.1334217959183674
0.1251247142857143
0.1355277959183673
0.12717216326530612
0.1292634693877551
0.139412
0.13345969387755105
0.1394245102040816
0.13142342857142852
0.13545446938775513
0.13541477551020403
0.14355832653061223
0.1415125102040816
0.14137802040816322
0.14356569387755103
0.1313302040816327
0.14145708163265308
0.1476897755102041
0.14361763265306127
0.14148202040816327
0.14157038775510197
0.14970351020408165
0.1415330816326531
0.14757559183673472
0.14755155102040818
0.14154069387755103
0.14558704081632654
0.14569014285714282
0.15370516326530612
0.1475773877551021
0.15374097959183675
0.14972326530612245
0.15184522448979593
0.1538482244897959
0.14973922448979587
0.15580173469387756
0.14968257142857144
0.1476692448979592
0.16626036734693875
0.15180687755102035
0.15986555102040817
0.15586191836734697
0.16199324489795913
0.15583579591836735
0.16008161224489798
0.15785408163265302
0.16399924489795922
0.1599251836734694
0.16604842857142854
0.16196597959183667
0.16405200000000006
0.16808016326530614
0.1639716938775511
0.16814334693877547
0.15790497959183677
0.16808326530612247
0.17618367346938785
0.17012559183673473
0.17211834693877556
0.16803099999999999
0.1742648775510204
0.17223418367346938
0.16610193877551013
0.1761971428571429
0.17215928571428576
0.16817765306122445
0.16811112244897958
0.1783138979591837
0.17623424489795914
0.1681472653061225
0.18034646938775517
0.18642340816326528
0.1721442857142857
0.17621322448979593
0.17829616326530612
0.1805127346938775
0.1782754489795918
0.1823682448979592
0.1864447346938775
0.19044279591836732
0.18034336734693876
0.18853151020408157
0.18441951020408162
0.19260979591836735
0.178309612244898
0.1823940408163265
0.1844771428571429
0.19264932653061229
0.19252930612244903
0.18445608163265312
0.18652508163265308
0.1945400612244898
0.1966729591836735
0.1885221836734694
0.19262220408163258
0.2047929591836734
0.18247114285714283
0.1946668775510204
0.1906273673469388
0.20073873469387754
0.19879651020408168
0.20071234693877552
0.1986823673469388
0.1987401428571429
0.19063553061224492
0.19875167346938769
0.1967025306122449
0.19865779591836735
0.2027994489795918
0.2069074285714285
0.1927437346938775
0.19066838775510211
0.20489734693877548
0.2150610000000001
0.2008119795918367
0.20686430612244897
0.20890642857142866
0.2130269795918368
0.20282922448979604
0.2049468163265306
0.20695657142857138
0.21708834693877557
0.21298489795918366
0.213009612244898
0.21503583673469395
0.21503118367346943
0.21503222448979586
0.21501748979591837
0.21308291836734689
0.21293761224489788
0.2109567142857143
0.221148612244898
0.21713651020408165
0.21098367346938776
0.211020387755102
0.215075387755102
0.2212091428571428
0.21917551020408163
0.22127810204081635
0.22126406122448983
0.22517255102040812
0.2334103265306123
0.22520885714285713
0.21923377551020407
0.22542520408163264
0.2334550612244898
0.22122934693877558
0.22937257142857145
0.23136863265306126
0.2294879795918367
0.22731089795918366
0.23346222448979595
0.23142669387755105
0.22739916326530613
0.22929530612244903
0.2273506734693878
0.22937436734693872
0.23942497959183673
0.22737234693877553
0.23751818367346933
0.23140108163265308
0.23753753061224486
0.23145
0.23959510204081622
0.23758916326530619
0.23957363265306122
0.24584842857142858
0.2436905306122448
0.23963969387755102
0.2475972244897959
0.24168616326530612
0.23961748979591835
0.24562989795918366
0.24764630612244903
0.2518105102040816
0.2477429387755102
0.24362559183673474
0.2559134693877551
0.2477431836734694
0.2457852653061225
0.2497589591836734
0.2477194693877551
0.24565132653061217
0.25790312244897956
0.2518084285714286
0.24565897959183683
0.2519494285714286
0.24779095918367347
0.25794008163265314
0.25587673469387756
0.25397604081632646
0.2558651224489795
0.26410977551020404
0.25803473469387767
0.2660701836734694
0.25597359183673474
0.26205069387755103
0.255934081632653
0.2640444285714285
0.2641751632653062
0.26613373469387763
0.2662055510204082
0.2639948571428571
0.2681287551020408
0.270180306122449
0.27016612244897953
0.2763370612244897
0.2681391020408163
0.2641747346938774
0.2742274897959184
0.2681934489795918
0.26415787755102044
0.27036928571428565
0.26819916326530613
0.268250918367347
0.2783805510204082
0.2803077551020408
0.26836616326530616
0.2784435918367347
0.2824619183673469
0.2722712857142857
0.2702237959183673
0.284532693877551
0.2804655510204082
0.2803446734693877
0.2783294285714286
0.2926015306122449
0.27421910204081623
0.2803672653061224
0.29047697959183666
0.28645728571428564
0.2864101224489795
0.28057693877551015
0.29480075510204073
0.28459738775510207
0.2887545714285715
0.2825377755102041
0.2887620612244898
0.29596434693877555
0.29689395918367345
0.2806502040816325
0.28866795918367344
0.29072051020408174
0.2968612653061224
0.28871944897959184
0.2968548571428572
0.2948530612244898
0.2987586122448979
0.3030656122448979
0.2987742244897959
0.2989786734693877
0.2947266734693878
0.3029110408163265
0.2989521224489795
0.30706
0.294908469387755
0.3070835510204081
0.3090810816326531
0.29896695918367344
0.3069757959183673
0.3069498979591836
0.2909512040816327
0.3070370408163266
0.3090903469387755
0.3029940408163265
0.3070603673469389
0.30722799999999995
0.31115753061224494
0.30709928571428563
0.31110912244897954
0.30499463265306126
0.32130791836734685
0.3172604897959184
0.31522799999999995
0.31524822448979584
0.3133367959183674
0.31315559183673464
0.30904842857142856
0.3213463673469387
0.31920426530612245
0.3193845918367348
0.31945414285714285
0.3273343469387755
0.3173141632653061
0.3131474897959184
0.3213196122448979
0.3254351224489795
0.33161391836734705
0.3173680408163264
0.33148485714285714
0.3235799795918367
0.3315304081632653
0.3233602244897959
0.32752469387755095
0.3275192040816327
0.32549383673469384
0.3315772448979593
0.32346104081632665
0.32552302040816333
0.3355426326530613
0.3314383673469388
0.3355816734693878
0.33154134693877546
0.3356091632653061
0.32765128571428564
0.33148955102040817
0.33762742857142863
0.33973004081632663
0.33960722448979597
0.3356818775510202
0.3397162448979591
0.3358009387755103
0.3356985918367347
0.3417127142857143
0.3487575714285714
0.34186134693877557
0.34365479591836734
0.3416242244897959
0.3396216326530612
0.33971122448979596
0.34166655102040816
0.34973771428571426
0.3519696734693878
0.3498411224489796
0.35000095918367347
0.3460435918367347
0.35005269387755106
0.36206381632653056
0.3520458163265306
0.3649053265306122
0.3506959591836735
0.3566080408163264
0.3540082857142858
0.3533149999999999
0.36823289795918374
0.3603881836734693
0.35396359183673476
0.3667834285714286
0.3709351428571428
0.3540011020408163
0.36204342857142846
0.38094755102040806
0.36339479591836743
0.35798228571428564
0.36407997959183686
0.36208979591836726
0.36424034693877544
0.3701009591836733
0.35603620408163256
0.36416793877551024
0.3579505510204082
0.36616412244897967
0.3683731020408163
0.3642268571428572
0.3742654489795918
0.3682525918367346
0.37432534693877545
0.37028216326530633
0.36614863265306125
0.37226751020408166
0.368211530612245
0.37044857142857146
0.3704219387755101
0.38276614285714267
0.37230842857142843
0.38045081632653066
0.3723218979591837
0.3824166530612246
0.3813485510204082
0.3804319183673469
0.3844976734693877
0.3784267959183673
0.3744120000000001
0.3784774897959184
0.384412387755102
0.3764404285714287
0.37837546938775507
0.3804617755102041
0.3763479387755102
0.3804429795918365
0.3906672040816329
0.3906642653061224
0.39673430612244903
0.38857110204081624
0.38859918367346935
0.3971013265306124
0.390904693877551
0.38457742857142846
0.38863806122448974
0.3907678775510202
0.3928940612244898
0.3968404285714286
0.3928329591836735
0.39474646938775515
0.3988425102040817
