0.300445
0.400752
0.300799
0.300472
0.400681
0.40155
0.301086
0.401562
0.300792
0.400507
0.301471
0.301078
0.301261
0.400779
0.502059
0.30057
0.40026
0.20128
0.400902
0.300702
0.400908
0.601893
0.4024
0.400401
0.401289
0.400676
0.301935
0.501104
0.400501
0.501034
0.400352
0.301374
0.400927
0.301093
0.400654
0.4006
0.301618
0.400998
0.501151
0.301429
0.401669
0.502428
0.500841
0.400422
0.500892
0.600797
0.400693
0.400426
0.401329
0.400783
0.500452
0.800683
0.500946
0.301061
0.601498
0.400565
0.500629
0.501088
0.701778
0.601797
0.500308
0.40075
0.401263
0.40036
0.500909
0.600769
0.600536
0.701319
0.600479
0.501851
0.400393
0.401351
0.401114
0.500583
0.401315
0.401177
0.501191
0.501066
0.601199
0.500717
0.701013
0.401219
0.500531
0.500825
0.500329
0.601704
0.900781
0.801002
0.401095
0.702059
0.700928
0.501245
0.501639
0.500842
0.60134
0.602682
0.700302
0.800342
0.501648
0.70067
0.700944
0.601015
0.401518
0.600676
0.50065
0.700613
0.600305
0.601279
0.901348
0.701834
0.600942
0.601323
0.60042
0.600601
0.901575
0.600805
0.802474
0.701318
0.700853
0.500808
0.801275
0.900576
1.201166
0.600561
0.800857
0.801194
0.800406
0.700975
0.700393
0.501577
0.500706
0.600519
1.000636
0.60066
0.901666
0.601745
0.600366
0.700535
1.001715
0.70111
1.000909
1.100491
0.600642
0.6013
0.501376
0.900634
0.601655
0.701408
0.600468
0.501506
0.602206
0.601599
0.80165
0.700513
0.701155
0.800824
0.901104
1.300882
0.701094
0.70067
0.700755
0.801611
0.600715
0.801422
0.801787
0.600858
0.701373
0.701145
0.700724
0.700418
1.101286
0.901525
1.0014
0.901678
0.700349
0.701245
0.501478
0.700534
0.70113
0.903554
1.301072
0.900714
1.000724
0.701105
1.004113
0.901261
1.201242
0.801143
1.101494
0.700568
0.701309
0.701004
0.701319
0.601276
1.000393
0.901605
0.700514
0.700812
1.001597
0.700331
0.901632
0.601037
0.800681
0.602892
0.800939
0.701471
0.800399
1.201209
1.900692
0.900594
1.601377
1.000653
1.001094
1.001582
0.801109
0.800979
0.701003
1.000965
0.701183
0.702042
1.00105
1.001217
1.001575
0.701813
0.800808
1.000702
0.60118
0.90094
0.700814
1.200942
1.201495
0.700678
0.900322
0.800896
1.001425
1.000858
0.701269
0.700798
1.001124
0.800958
1.000929
1.300893
1.300513
0.802874
0.902642
1.401059
1.500618
0.901105
1.000722
1.100954
0.901326
0.902153
1.000784
0.803206
0.900709
1.302207
0.701203
1.800883
1.001528
1.000983
0.701356
0.902379
0.900721
0.901976
1.301093
1.001715
0.901892
0.800624
0.801001
0.801746
0.900863
0.80125
0.901361
1.102491
1.301954
0.800331
1.101042
1.301829
1.002997
1.401542
0.900938
1.600601
0.801172
1.90129
1.300671
0.901878
1.000701
0.801434
1.402228
2.200804
0.90101
1.702117
1.000984
0.900994
1.601096
1.000857
1.101024
0.701526
1.102588
0.902319
1.000578
0.900826
0.901035
1.001205
0.900562
1.501648
2.100814
0.801767
1.503127
1.40145
2.100732
1.000811
1.001013
1.300496
1.601696
1.101336
1.102607
1.200577
1.101475
1.100826
1.401677
1.000916
1.302699
1.500817
1.301177
1.201242
0.901099
1.101033
1.800773
1.500788
0.903024
1.401506
1.401188
1.609554
0.900714
1.101241
0.80187
1.100728
1.142543
0.937536
1.400616
2.400303
1.301172
2.000919
1.604692
1.0054
1.000941
1.600876
1.301282
1.100959
0.801638
1.50204
1.300467
1.401458
1.600914
1.40085
1.001058
1.401653
1.100461
1.40081
0.901881
1.700948
1.80093
1.101675
1.60086
1.000817
1.300568
1.400668
1.200394
1.000514
1.001366
1.301569
1.502027
1.502555
1.501045
1.400909
1.000931
1.101531
1.001994
1.400702
1.300604
1.501567
1.20048
1.300814
1.402925
1.40239
1.301837
1.700551
1.300826
1.300856
1.30064
1.101622
1.101073
1.800727
1.300778
1.600977
1.400568
1.201184
1.301568
1.200524
