0.0700204081632653
0.016734693877551027
0.021244897959183683
0.016387755102040828
0.017857142857142867
0.024326530612244896
0.01851020408163266
0.02140816326530613
0.01589795918367348
0.018285714285714294
0.01846938775510205
0.019714285714285726
0.0173061224489796
0.01710204081632654
0.018346938775510215
0.020020408163265318
0.01957142857142858
0.018285714285714294
0.016795918367346948
0.02716326530612244
0.019142857142857152
0.017326530612244907
0.0216326530612245
0.020081632653061232
0.019020408163265314
0.01883673469387756
0.01932653061224491
0.02040816326530613
0.02263265306122449
0.01993877551020409
0.01967346938775511
0.020183673469387767
0.016897959183673476
0.01946938775510205
0.018081632653061234
0.019530612244897966
0.02120408163265307
0.024285714285714285
0.020591836734693884
0.01826530612244899
0.022795918367346943
0.02093877551020409
0.023122448979591842
0.02440816326530612
0.024020408163265314
0.020979591836734698
0.023734693877551023
0.021530612244897964
0.02689795918367346
0.0276938775510204
0.01873469387755103
0.019897959183673476
0.021081632653061233
0.02204081632653062
0.021551020408163268
0.02246938775510205
0.0189591836734694
0.02314285714285715
0.024938775510204073
0.021244897959183683
0.027040816326530607
0.021877551020408174
0.031183673469387756
0.022346938775510212
0.021183673469387765
0.02404081632653062
0.02367346938775511
0.020918367346938783
0.023714285714285712
0.022285714285714284
0.024163265306122457
0.01946938775510205
0.023816326530612254
0.023612244897959187
0.022122448979591834
0.026061224489795913
0.024224489795918375
0.023877551020408165
0.027204081632653063
0.02038775510204083
0.023061224489795924
0.020142857142857153
0.027979591836734676
0.02312244897959185
0.0229795918367347
0.020795918367346945
0.024081632653061222
0.021448979591836746
0.02314285714285715
0.02528571428571428
0.021224489795918376
0.02410204081632652
0.024693877551020406
0.02520408163265306
0.02506122448979592
0.024102040816326532
0.02520408163265306
0.02606122448979592
0.023816326530612247
0.025326530612244904
0.026428571428571433
0.02677551020408162
0.02716326530612245
0.02630612244897959
0.02493877551020409
0.026857142857142854
0.02704081632653061
0.023734693877551023
0.022224489795918376
0.024591836734693884
0.02414285714285714
0.026795918367346933
0.023877551020408165
0.025591836734693882
0.02689795918367346
0.030428571428571423
0.027040816326530603
0.025367346938775518
0.0333469387755102
0.030714285714285704
0.02757142857142857
0.02630612244897959
0.024755102040816327
0.024714285714285706
0.02663265306122449
0.028142857142857133
0.026367346938775505
0.02414285714285715
0.028306122448979582
0.024530612244897967
0.026224489795918366
0.023959183673469386
0.025326530612244897
0.02938775510204082
0.023000000000000003
0.024979591836734694
0.02418367346938776
0.026959183673469386
0.024591836734693874
0.03140816326530611
0.02510204081632653
0.025285714285714283
0.028938775510204077
0.027061224489795914
0.028367346938775507
0.023612244897959187
0.030244897959183663
0.026816326530612247
0.02844897959183673
0.032591836734693874
0.029469387755102036
0.0263469387755102
0.026938775510204082
0.029000000000000005
0.02689795918367346
0.029367346938775508
0.02769387755102041
0.02822448979591837
0.028326530612244907
0.02604081632653061
0.02828571428571429
0.028204081632653054
0.02281632653061225
0.03344897959183673
0.02759183673469388
0.024448979591836728
0.029795918367346925
0.02659183673469388
0.029306122448979583
0.028632653061224485
0.025183673469387755
0.034326530612244895
0.02834693877551021
0.026612244897959186
0.026448979591836737
0.03140816326530612
0.02846938775510203
0.026816326530612243
0.024448979591836742
0.02524489795918368
0.02712244897959183
0.02783673469387754
0.030693877551020408
0.028224489795918368
0.029122448979591837
0.028061224489795908
0.024816326530612248
0.03044897959183672
0.02851020408163265
0.027244897959183664
0.028102040816326522
0.02726530612244897
0.02991836734693878
0.030326530612244895
0.02951020408163266
0.029346938775510204
0.03053061224489795
0.040428571428571425
0.028448979591836742
0.027346938775510206
0.03093877551020408
0.02546938775510204
0.026571428571428583
0.035448979591836724
0.0296326530612245
0.028428571428571428
0.029061224489795926
0.027224489795918363
0.029224489795918362
0.02983673469387755
0.0296734693877551
0.032285714285714286
0.029897959183673467
0.029938775510204078
0.03273469387755101
0.03014285714285714
0.03157142857142856
0.029020408163265305
0.029959183673469388
0.033224489795918355
0.03477551020408163
0.02795918367346939
0.038265306122448974
0.03051020408163265
0.033734693877551014
0.028163265306122447
0.02773469387755102
0.03693877551020407
0.033510204081632654
0.03142857142857142
0.027244897959183674
0.029673469387755096
0.026959183673469382
0.03138775510204081
0.028040816326530615
0.031081632653061218
0.031081632653061204
0.03455102040816324
0.031693877551020405
0.03614285714285713
0.032367346938775514
0.034224489795918356
0.035734693877551016
0.10440816326530611
0.03244897959183673
0.03481632653061225
0.029816326530612246
0.03122448979591836
0.02769387755102041
0.03597959183673468
0.03826530612244897
0.038591836734693866
0.03310204081632652
0.04326530612244897
0.033571428571428565
0.030387755102040812
0.028755102040816327
0.03016326530612245
0.03714285714285714
0.03926530612244898
0.03326530612244898
0.033673469387755096
0.02953061224489796
0.03322448979591836
0.03361224489795917
0.028285714285714275
0.030448979591836733
0.03581632653061224
0.03387755102040816
0.03393877551020407
0.0333469387755102
0.04265306122448979
0.02838775510204081
0.034653061224489794
0.030224489795918373
0.03561224489795917
0.03791836734693876
0.03261224489795918
0.03320408163265306
0.03138775510204081
0.03697959183673469
0.03306122448979591
0.03112244897959184
0.032673469387755096
0.03555102040816326
0.032755102040816324
0.036367346938775504
0.03636734693877549
0.032142857142857126
0.028061224489795908
0.03904081632653059
0.03279591836734693
0.03657142857142857
0.035142857142857135
0.036714285714285706
0.03642857142857143
0.03230612244897959
0.03257142857142857
0.03510204081632652
0.03306122448979591
0.028469387755102035
0.03381632653061224
0.03695918367346938
0.03412244897959184
0.03975510204081632
0.030959183673469375
0.030183673469387745
0.032204081632653044
0.03195918367346938
0.03599999999999999
0.03271428571428572
0.03451020408163265
0.033326530612244894
0.034877551020408154
0.03310204081632654
0.03426530612244896
0.03777551020408162
0.03618367346938774
0.03575510204081632
0.12497959183673465
0.03655102040816327
0.03124489795918367
0.02644897959183674
0.030387755102040812
0.03408163265306123
0.03197959183673469
0.027673469387755095
0.04381632653061222
0.08499999999999998
0.03636734693877552
0.05044897959183674
0.04991836734693879
0.0390204081632653
0.03179591836734694
0.22997959183673466
0.29591836734693877
0.06410204081632652
0.31914285714285723
0.15014285714285705
0.6111836734693877
0.06167346938775509
0.07622448979591837
0.33518367346938777
0.7482244897959186
0.03430612244897959
0.4086938775510203
0.28767346938775507
0.0967959183673469
0.03436734693877551
0.03422448979591836
0.03575510204081632
0.04283673469387755
0.036265306122448965
0.029448979591836726
0.03214285714285714
0.030265306122448977
0.03724489795918367
0.03926530612244898
0.038775510204081626
0.03914285714285714
0.03695918367346938
0.03546938775510205
0.037530612244897954
0.03308163265306122
0.03457142857142856
0.03677551020408162
0.03957142857142854
0.047918367346938766
0.27942857142857147
0.04157142857142856
0.03479591836734693
0.0340204081632653
0.03193877551020407
0.05824489795918363
0.03165306122448979
0.035530612244897945
0.0316530612244898
0.038571428571428576
0.029367346938775508
0.030836734693877536
0.03097959183673469
0.03146938775510204
0.033428571428571426
0.02997959183673468
0.037714285714285714
0.035734693877551016
0.036673469387755085
0.03308163265306122
0.043653061224489774
0.030632653061224493
0.32493877551020417
0.0563061224489796
0.03540816326530612
0.03757142857142856
0.03408163265306122
0.08595918367346934
0.038367346938775505
0.04434693877551021
0.03530612244897959
0.03585714285714285
