0.300654
0.300723
0.301461
0.500658
0.300447
0.300334
0.300779
0.300935
0.400519
0.201212
0.600783
0.401109
0.301194
0.2014
0.301491
0.400452
0.300671
0.300785
0.301191
0.30096
0.400678
0.501196
0.501133
0.40056
0.300786
0.401176
0.301108
0.300908
0.400413
0.400982
0.400739
0.501066
0.401966
0.401285
0.400866
0.401059
0.40069
0.300956
0.401035
0.301743
0.401636
0.401175
0.401274
0.400698
0.300998
0.500726
0.501586
0.400501
0.501152
0.301474
0.400403
0.400961
0.400652
0.402015
0.60096
0.500779
0.401631
0.401472
0.301026
0.500718
0.501024
0.401031
0.500985
0.60152
0.400672
0.500642
0.402514
0.40062
0.501224
0.400814
0.701247
0.500911
0.601685
0.500545
0.600537
0.500676
0.400557
0.600591
0.600543
0.700942
0.402206
0.702239
0.801133
0.701523
0.501409
0.500916
0.402399
0.501615
0.80145
0.600536
0.500965
0.600749
0.800562
0.800673
0.601274
0.501244
0.500905
0.701204
0.500498
0.401181
0.501839
0.601594
0.50139
0.601098
0.70099
0.700567
0.60106
0.501265
0.601231
0.601376
0.800975
0.700686
0.600558
1.001341
0.500518
0.501073
1.000431
0.501008
0.600583
0.600733
0.600853
0.801019
0.600939
0.501024
0.600768
0.700482
0.701049
0.901631
0.60118
1.000419
0.800791
0.501005
0.700764
0.900338
0.800901
0.700819
0.901135
0.501259
0.900728
0.601013
0.800787
0.600773
0.700795
0.700542
0.700562
0.70173
0.601963
1.201835
0.800592
0.701063
0.600653
0.900757
0.601627
0.602427
1.002475
0.700445
0.701897
0.901616
0.701017
0.902262
0.800437
0.701523
0.501755
0.900538
0.700561
0.901913
0.700997
0.600606
0.801334
0.601731
0.600819
0.702095
1.200952
0.901014
0.701681
0.700602
0.801726
0.700826
0.701066
0.901185
0.901325
0.800933
0.801029
1.000559
0.802522
0.701108
1.000694
0.900662
0.802594
0.701736
0.700624
0.800684
0.801017
0.900942
0.900657
0.600509
0.60122
0.80172
0.901494
1.000885
0.60091
1.100922
0.701279
0.800663
1.000942
0.700463
0.702784
1.001227
0.70166
0.800777
0.700286
1.001775
0.801264
0.900726
1.002282
1.202752
1.601067
0.70145
1.000627
0.70046
1.200692
0.902926
0.800837
1.502343
0.901306
1.201017
0.90063
0.801232
1.301943
0.700827
0.902457
0.801638
1.001443
0.800925
1.00161
0.800794
0.700193
0.802826
0.801439
0.90103
1.101194
0.801972
1.202847
0.901355
1.001447
1.001837
1.001044
1.200964
0.800492
1.201085
1.002081
0.801039
1.301904
1.400565
1.101294
0.80106
1.201963
1.301166
1.600644
1.400917
1.000813
1.001598
0.900794
1.002169
0.701095
1.100574
1.000917
1.000831
1.201102
1.200532
0.901128
1.301767
1.001918
1.101012
0.900552
0.700767
0.900796
1.300436
0.800577
0.901738
0.802332
1.600594
0.800388
1.006349
2.500869
1.200818
1.302768
1.200864
1.501056
0.800782
1.201019
0.901945
1.201829
1.501045
1.001707
1.300706
0.900533
1.302665
1.200493
1.101486
0.901065
1.200461
1.000965
0.801652
1.302183
1.201023
1.400518
0.900766
1.100865
1.401755
1.000636
1.700552
1.202775
1.400973
1.201767
1.401291
1.100813
1.200862
1.500787
0.901729
1.001754
1.601367
1.401785
1.100747
1.101377
2.200834
0.900387
0.901075
1.400641
1.101317
1.001168
1.901751
1.200422
1.200659
1.200558
1.200508
1.301106
1.101562
1.101854
0.800932
1.500483
1.600959
1.001347
1.10081
1.301144
1.301241
1.500593
1.100812
1.302119
0.902092
1.201497
1.101045
1.100604
1.000331
1.400896
1.202828
1.500986
0.901718
1.301383
1.501773
1.100989
1.504243
1.60444
1.40168
1.800527
1.201265
1.501644
1.202217
1.601905
1.000619
1.200682
1.300803
1.300486
1.500415
1.401732
1.001065
0.901029
1.101825
1.300533
1.601816
1.703209
1.30092
2.600865
1.600455
1.101312
1.701396
1.400966
1.902018
1.301204
1.300646
1.000376
1.000857
1.701875
1.200627
1.800553
1.300868
1.301556
1.201343
1.100459
1.400817
