0.13331638775510207
0.12921032653061226
0.12725610204081633
0.1353128367346939
0.13748004081632653
0.12522069387755103
0.1301054693877551
0.13132885714285716
0.12927828571428568
0.1292295306122449
0.13944924489795918
0.1333170204081633
0.13139302040816328
0.13751371428571432
0.131342387755102
0.13746661224489792
0.1415012857142857
0.14156318367346937
0.14358373469387756
0.1415148775510204
0.13736826530612248
0.14151130612244894
0.1353802244897959
0.14145616326530605
0.14153302040816326
0.14141218367346936
0.14767275510204084
0.14150053061224488
0.1495585306122449
0.14354983673469393
0.15170161224489792
0.15160810204081632
0.13950295918367345
0.14548781632653063
0.15163781632653062
0.14565991836734696
0.14552677551020413
0.15165791836734696
0.14963842857142864
0.14564248979591835
0.1578252857142857
0.15781418367346942
0.15173569387755104
0.15185608163265307
0.1619000204081633
0.16007532653061227
0.15789644897959182
0.15990997959183675
0.1537862040816327
0.15374477551020405
0.15786595918367344
0.1639530408163265
0.16407502040816324
0.1680928979591837
0.16402681632653057
0.16603822448979588
0.16192759183673466
0.1639181632653061
0.16395440816326526
0.17618728571428569
0.16393836734693876
0.16606757142857143
0.17612412244897954
0.16194465306122452
0.16597822448979588
0.16408287755102044
0.1742190204081633
0.17220667346938776
0.1823928367346938
0.18025185714285713
0.1762404897959183
0.17414887755102038
0.16401506122448983
0.17212757142857144
0.17230232653061223
0.18026930612244896
0.3742210612244897
0.1762190612244898
0.17623426530612246
0.17620420408163268
0.18041353061224494
0.17840593877551017
0.18450522448979595
0.18237379591836728
0.17827630612244907
0.1803489795918367
0.19267967346938777
0.1823325306122449
0.18245130612244892
0.18445767346938774
0.18041138775510202
0.19061726530612247
0.18853369387755103
0.19047008163265305
0.19061851020408166
0.18637410204081642
0.19867526530612242
0.18444691836734692
0.1885027142857143
0.1864776122448979
0.19474595918367352
0.19869940816326523
0.1905311020408164
0.19659563265306126
0.1906674489795918
0.2026936122448979
0.1966960612244898
0.19659916326530605
0.20071293877551027
0.19671732653061227
0.20076195918367346
0.19869102040816325
0.20075597959183672
0.1966415102040816
0.19462451020408164
0.20679010204081635
0.20072897959183675
0.20687575510204073
0.2009358367346939
0.20691793877551015
0.20480061224489796
0.2069818367346939
0.20498773469387763
0.21510059183673463
0.21714781632653057
0.21914875510204085
0.20911430612244888
0.21520824489795917
0.21106197959183673
0.21941440816326538
0.20911336734693875
0.21101640816326525
0.22115944897959183
0.217164530612245
0.22325383673469382
0.21521291836734696
0.21926504081632656
0.22140010204081634
0.22318055102040815
0.22129467346938772
0.21512969387755107
0.2130392448979592
0.21334663265306122
0.21926277551020404
0.22543704081632646
0.22131389795918363
0.22139963265306123
0.22748355102040815
0.22534869387755102
0.21923471428571434
0.2253520408163266
0.21522671428571427
0.22745636734693878
0.23367073469387747
0.23150644897959186
0.22956708163265302
0.22947940816326542
0.2315692653061224
0.22932308163265308
0.23356679591836735
0.23354883673469393
0.23347922448979597
0.22736763265306123
0.2335325714285714
0.2274442857142857
0.2295182448979592
0.23965157142857135
0.22947306122448977
0.23968783673469385
0.24155410204081623
0.2396656326530613
0.2438321836734694
0.2477772448979592
0.24576997959183672
0.24375428571428573
0.24575491836734686
0.24984106122448976
0.24575689795918362
0.24583548979591835
0.24381673469387752
0.24987757142857145
0.25187930612244896
0.24184457142857144
0.2396732857142856
0.2520301224489796
0.2560794081632653
0.24991740816326527
0.24999965306122449
0.24795161224489787
0.24999191836734697
0.25619277551020403
0.24992253061224495
0.2480998979591836
0.256052
0.24997216326530608
0.25797651020408174
0.2681871632653061
0.2500251836734695
0.254125387755102
0.2579515102040816
0.25819530612244906
0.2642154081632653
0.2620456734693878
0.26028555102040807
0.2662609795918367
0.2682313061224489
0.2682759183673469
0.266142387755102
0.25606024489795925
0.27042977551020414
0.270343693877551
0.2763738979591837
0.27224848979591837
0.2662481020408164
0.2682233061224489
0.2743804897959184
0.27647785714285716
0.26431046938775493
0.27242355102040816
0.2642155306122448
0.2744641836734694
0.2703120408163266
0.27435293877551015
0.276402306122449
0.2804442448979592
0.27238318367346936
0.27043789795918366
0.27031638775510203
0.28052765306122446
0.28053314285714287
0.27858838775510203
0.27845216326530614
0.2826229795918367
0.28251795918367345
0.28046365306122445
0.28243432653061223
0.282504081632653
0.2866570612244899
0.27857016326530615
0.2846671428571428
0.286642612244898
0.2845456530612245
0.2908202653061226
0.28666324489795925
0.29274032653061227
0.2948501632653061
0.2987816530612245
0.3028696734693877
0.2927677755102041
0.2845691632653062
0.2927141836734693
0.30094426530612256
0.3008765510204081
0.2967996326530612
0.294887857142857
0.3010097142857143
0.29095706122448983
0.296797918367347
0.3008168367346939
0.30494002040816326
0.3049274081632653
0.2948643469387755
0.2989095306122449
0.30695455102040825
0.2968764489795918
0.3109882653061224
0.30705004081632653
0.31123120408163263
0.3111231428571429
0.30501538775510206
0.31114385714285714
0.29686389795918355
0.30701357142857133
0.3171097755102042
0.31510314285714286
0.3131017959183674
0.3172706734693877
0.319308693877551
0.319268
0.3050477142857142
0.3130950204081633
0.3152432448979592
0.3212289387755102
0.31317138775510195
0.31111226530612246
0.3171386530612245
0.315151836734694
0.3111234897959183
0.32340422448979605
0.3273708775510204
0.3193429387755103
0.32343028571428567
0.3193321632653061
0.3274596326530611
0.3275651428571427
0.3234068163265306
0.32544095918367344
0.32557381632653054
0.3376184081632654
0.31523991836734694
0.3253924081632653
0.33154793877551025
0.3295194081632653
0.3315677551020409
0.3336265510204082
0.3356050612244899
0.33972212244897954
0.331442387755102
0.3377235918367348
0.3396515714285714
0.3398018775510204
0.33369122448979577
0.33980073469387756
0.33764512244897965
0.33557195918367344
0.33139508163265313
0.3355938775510203
0.3438322653061225
0.3337095918367346
0.3438204489795919
0.33768593877551034
0.33558579591836735
0.33978914285714285
0.34781789795918366
0.3458664285714286
0.3498231020408163
0.3479703265306123
0.34385863265306116
0.3417575918367347
0.3519733469387755
0.3580022857142856
0.34789616326530626
0.35393085714285705
0.35194385714285714
0.35597742857142856
0.3520655510204082
0.3559475102040817
0.3561162244897959
0.35001887755102035
0.35395977551020413
0.35200999999999993
0.35799430612244904
0.36415691836734687
0.358072857142857
0.36008938775510224
0.35602769387755107
0.3661685714285714
0.3622551224489795
0.35812887755102046
0.3641074489795919
0.3560729591836735
0.3601392448979591
0.35603895918367356
0.36816100000000007
0.36823589795918377
0.37437561224489807
0.3683691224489796
0.3601981428571428
0.37238193877551024
0.36827626530612234
0.37030618367346935
0.3724915918367348
0.3684040816326532
0.372406693877551
0.37641144897959183
0.3784001224489795
0.37443159183673486
0.3886726734693878
0.37252230612244897
0.3725735918367348
0.38044273469387757
0.37855495918367343
0.3844784489795918
0.37640065306122444
0.37240016326530606
0.38259946938775513
0.38450210204081636
0.3804012244897959
0.3844662857142856
0.380364693877551
0.38894793877551
0.37848053061224485
0.38867597959183675
0.39462577551020417
0.3926087959183673
0.3926783061224488
0.3909517346938777
0.3925808775510205
0.40083079591836734
0.3905792857142858
0.38909332653061224
0.39481512244897954
0.3907902857142856
0.3927380408163266
0.39280014285714293
0.39273730612244906
0.3967932653061224
0.40282646938775507
0.3886753265306123
0.39062120408163264
