0.06655102040816326
0.0371020408163265
0.022775510204081625
0.03006122448979592
0.03806122448979592
0.016387755102040824
0.03412244897959184
0.030999999999999993
0.027938775510204072
0.022999999999999996
0.023632653061224494
0.0196326530612245
0.028428571428571425
0.021571428571428585
0.018571428571428582
0.02420408163265306
0.022795918367346932
0.028999999999999998
0.020020408163265318
0.02159183673469388
0.0173061224489796
0.02018367346938776
0.020265306122448992
0.0246734693877551
0.030489795918367334
0.018183673469387762
0.021306122448979597
0.030387755102040823
0.019428571428571437
0.02208163265306123
0.020530612244897967
0.025346938775510208
0.025428571428571425
0.023673469387755105
0.025632653061224496
0.024938775510204087
0.026693877551020404
0.022918367346938775
0.022163265306122452
0.023693877551020412
0.020510204081632663
0.023020408163265303
0.0239795918367347
0.027632653061224498
0.022959183673469396
0.04267346938775508
0.022326530612244908
0.026224489795918363
0.024306122448979593
0.019755102040816337
0.023224489795918377
0.022857142857142864
0.022346938775510205
0.031081632653061228
0.02812244897959184
0.02673469387755101
0.027816326530612237
0.024591836734693878
0.027816326530612244
0.03208163265306121
0.02083673469387756
0.022999999999999996
0.021897959183673467
0.021306122448979597
0.02353061224489796
0.025571428571428575
0.03263265306122449
0.02977551020408162
0.025346938775510204
0.026816326530612233
0.029061224489795912
0.027877551020408155
0.028326530612244886
0.026489795918367344
0.023959183673469397
0.03681632653061223
0.029306122448979587
0.05322448979591836
0.033020408163265305
0.025530612244897957
0.03012244897959183
0.023326530612244906
0.03328571428571428
0.02718367346938776
0.031918367346938765
0.024346938775510207
0.030326530612244884
0.020551020408163277
0.03244897959183672
0.029408163265306115
0.030816326530612247
0.028632653061224485
0.027020408163265293
0.030244897959183663
0.032795918367346924
0.027938775510204076
0.02683673469387755
0.026040816326530616
0.025142857142857144
0.029877551020408136
0.03569387755102038
0.028183673469387754
0.0219591836734694
0.025142857142857147
0.034571428571428565
0.026653061224489794
0.03128571428571428
0.02216326530612246
0.026326530612244894
0.030591836734693876
0.03844897959183674
0.027387755102040813
0.038612244897959176
0.02120408163265307
0.024877551020408173
0.031918367346938765
0.027040816326530607
0.029285714285714283
0.027122448979591835
0.029285714285714276
0.027857142857142848
0.029938775510204085
0.02504081632653062
0.03110204081632654
0.031061224489795917
0.027959183673469386
0.02985714285714286
0.029775510204081625
0.02979591836734693
0.03946938775510202
0.03808163265306122
0.029306122448979594
0.031163265306122446
0.032040816326530615
0.030734693877551025
0.029387755102040815
0.029244897959183662
0.03255102040816327
0.025061224489795923
0.030326530612244888
0.033979591836734685
0.03438775510204081
0.0403469387755102
0.02624489795918368
0.033571428571428565
0.027836734693877544
0.03932653061224489
0.02924489795918367
0.03120408163265305
0.02914285714285714
0.02963265306122448
0.031755102040816316
0.03379591836734693
0.032510204081632646
0.03595918367346937
0.028918367346938773
0.03538775510204082
0.029673469387755096
0.027979591836734683
0.02781632653061224
0.032448979591836735
0.027020408163265307
0.03983673469387754
0.03285714285714286
0.03628571428571428
0.028204081632653064
0.03653061224489795
0.03334693877551019
0.02946938775510204
0.03177551020408162
0.03995918367346938
0.03485714285714285
0.031714285714285716
0.033979591836734685
0.03036734693877551
0.028285714285714292
0.02871428571428571
0.03477551020408163
0.03881632653061224
0.03579591836734693
0.030244897959183673
0.03128571428571428
0.03371428571428571
0.03416326530612243
0.03348979591836734
0.03375510204081632
0.028367346938775507
0.03840816326530611
0.03938775510204082
0.032367346938775514
0.03348979591836735
0.031346938775510196
0.052102040816326536
0.03826530612244897
0.03730612244897957
0.0360612244897959
0.03502040816326529
0.037448979591836726
0.030632653061224493
0.027897959183673465
0.03359183673469387
0.035897959183673465
0.03130612244897959
0.04916326530612244
0.03451020408163265
0.038326530612244884
0.03883673469387754
0.03108163265306122
0.03365306122448979
0.03618367346938775
0.03185714285714286
0.028469387755102032
0.03471428571428571
0.03589795918367347
0.031367346938775506
0.03361224489795918
0.03179591836734694
0.03655102040816324
0.031938775510204076
0.0376734693877551
0.031734693877551026
0.031183673469387756
0.03291836734693876
0.03993877551020407
0.031632653061224494
0.036204081632653054
0.03212244897959183
0.03232653061224489
0.032387755102040804
0.03179591836734693
0.03479591836734692
0.038122448979591834
0.035530612244897945
0.03140816326530611
0.040081632653061215
0.02995918367346938
0.03169387755102039
0.033571428571428565
0.037469387755102036
0.033244897959183665
0.03285714285714286
0.037122448979591834
0.038408163265306106
0.03310204081632652
0.033653061224489786
0.03187755102040815
0.03669387755102041
0.03742857142857142
0.037204081632653055
0.036816326530612224
0.0400408163265306
0.04381632653061224
0.03051020408163265
0.03977551020408161
0.031244897959183667
0.04089795918367344
0.03512244897959183
0.03436734693877551
0.03583673469387753
0.03406122448979591
0.03155102040816327
0.033224489795918376
0.034857142857142843
0.03293877551020408
0.03312244897959183
0.041081632653061216
0.03646938775510203
0.03795918367346937
0.03781632653061223
0.035306122448979585
0.032408163265306114
0.03375510204081632
0.03330612244897958
0.03444897959183673
0.03604081632653061
0.0367142857142857
0.03516326530612244
0.03859183673469387
0.0453469387755102
0.035714285714285705
0.030571428571428572
0.028571428571428574
0.03128571428571429
0.03330612244897959
0.033571428571428565
0.03375510204081632
0.03257142857142857
0.03428571428571429
0.038571428571428555
0.03485714285714285
0.035938775510204087
0.03583673469387755
0.035448979591836724
0.0300204081632653
0.03720408163265305
0.03579591836734694
0.03357142857142858
0.03530612244897959
0.033489795918367336
0.03481632653061223
0.04212244897959183
0.03681632653061224
0.03577551020408162
0.04648979591836732
0.03457142857142857
0.0413877551020408
0.03742857142857143
0.034918367346938775
0.04148979591836734
0.03708163265306121
0.03285714285714285
0.042061224489795906
0.04038775510204081
0.03502040816326531
0.030591836734693872
0.028775510204081627
0.03369387755102039
0.03785714285714286
0.0380204081632653
0.0423877551020408
0.03471428571428572
0.036
0.03530612244897959
0.038877551020408165
0.03344897959183673
0.03510204081632653
0.03451020408163265
0.03571428571428571
0.033428571428571426
0.033142857142857134
0.03818367346938776
0.04018367346938774
0.03357142857142855
0.035306122448979585
0.036489795918367346
0.03591836734693877
0.04085714285714284
0.04006122448979591
0.040979591836734684
0.03853061224489795
0.04283673469387755
0.03681632653061223
0.03275510204081632
0.03416326530612244
0.034346938775510205
0.030204081632653063
0.03995918367346938
0.03881632653061224
0.034102040816326534
0.031265306122448974
0.03416326530612243
0.0363469387755102
0.035836734693877534
0.03822448979591836
0.04230612244897957
0.03420408163265306
0.03916326530612243
0.03697959183673468
0.039040816326530614
0.042183673469387756
0.033693877551020386
0.03665306122448979
0.03581632653061222
0.03775510204081632
0.04377551020408163
0.036204081632653054
0.03932653061224489
0.5912857142857143
0.04877551020408163
0.05240816326530612
0.0513061224489796
0.05175510204081633
0.03963265306122448
0.04375510204081632
0.03524489795918366
0.04836734693877549
0.03636734693877549
0.04053061224489796
0.0333673469387755
0.0336734693877551
0.06885714285714284
0.041081632653061216
0.04585714285714284
0.03295918367346938
0.04577551020408164
0.03516326530612244
0.058591836734693876
0.032469387755102046
0.031857142857142855
0.03055102040816327
0.04920408163265304
0.04444897959183673
0.05412244897959184
0.04089795918367347
0.04359183673469387
0.035346938775510185
0.03887755102040816
0.034428571428571426
0.04063265306122449
0.0380204081632653
