-5.32930026530612
-15.897513183673468
-3.395105571428571
-21.258098918367345
-6.234505795918366
-7.056443020408162
-3.768830530612244
-74.3856287142857
-3.494501204081632
-4.287727244897959
-3.238911857142858
-3.73695881632653
-3.7989925918367344
-3.6507706530612243
-3.3176216122448974
-3.5807151836734685
-3.636088836734693
-3.4195852040816326
-3.624818938775509
-3.8073161632653054
-4.064495183673469
-3.8080169795918364
-3.770123183673469
-3.7602426326530605
-3.650788224489796
-3.264427489795918
-3.4382155102040817
-3.135886551020408
-3.451394285714286
-3.6893057755102032
-3.467033571428572
-3.5929990612244893
-3.2264188367346933
-3.6112496938775513
-3.195865612244898
-3.100928346938776
-4.109010489795917
-3.385899714285715
-3.250212183673469
-3.0780791632653064
-3.873122530612245
-3.523903918367347
-3.5729558367346934
-3.5699106122448985
-3.4989661020408165
-3.7577632653061217
-3.8053636122448977
-3.639138408163265
-3.444225346938776
-3.2418081428571424
-3.5823135102040813
-3.6186383469387753
-3.3222866938775506
-3.0726310408163267
-3.366187836734694
-3.4905365714285717
-3.0249958163265305
-3.428741183673469
-3.4576599795918366
-3.1276379387755107
-3.9028794081632654
-3.612435469387755
-3.8917321428571428
-3.4485497551020408
-3.43781893877551
-3.5531899591836735
-3.485190551020408
-3.310915897959183
-3.627481040816326
-3.5096804285714285
-3.4133095102040807
-3.6894939387755104
-3.396410734693877
-3.247306530612245
-3.45869593877551
-3.225256551020408
-3.604346653061224
-3.3875404693877544
-3.2884144897959176
-3.4026007959183677
-3.311523510204082
-3.8085301428571423
-3.521766346938776
-3.6131307346938772
-3.9249192244897966
-3.576872265306122
-3.6592649795918373
-3.4745714693877545
-3.5484558163265305
-3.359392612244897
-3.4027292448979596
-3.433597020408163
-3.1162365306122455
-3.718210244897958
-3.504641469387755
-3.9097130204081636
-3.9693479999999997
-3.5129901428571424
-3.3897554489795914
-3.2463445306122445
-3.4570621836734685
-3.752487102040816
-3.8794167346938773
-3.5760787755102044
-3.5114553673469384
-3.6191063877551017
-3.664014020408163
-3.2560814897959185
-3.2427054489795917
-3.212201795918367
-3.7234861632653056
-3.043128653061224
-3.380321204081632
-3.2332289183673466
-3.1775392653061223
-3.364080897959184
-3.2653827142857135
-3.250021367346939
-3.521557591836734
-4.356739857142857
-4.089544551020408
-14.186876938775505
-5.394168714285713
-105.10506934693878
-4.247006448979591
-3.450803734693877
-3.5363007755102034
-3.343838836734694
-3.1970893061224492
-3.1305462244897955
-3.38107987755102
-4.002556285714285
-3.389573632653061
-3.212870183673469
-3.685604673469388
-4.104557897959183
-3.3890682448979583
-3.4114982244897964
-3.627362734693878
-3.29506118367347
-3.9349621632653053
-3.4769912040816324
-3.318539755102041
-3.143816693877551
-4.24310187755102
-3.4431206734693864
-3.335694122448979
-3.1383964693877555
-3.690772693877551
-3.2277588979591836
-3.1791892040816325
-3.1839824693877548
-3.793227122448979
-3.7039851836734683
-3.4336400612244895
-3.344701959183673
-3.2359034489795926
-3.295497653061224
-3.0928601020408166
-4.063824591836733
-3.768688387755102
-3.289219183673469
-3.1703835714285713
-3.233102836734694
-3.285060448979592
-3.3456293877551015
-3.1848566530612246
-3.4793820000000006
-3.577780959183673
-3.1137276530612246
-3.591337102040815
-3.153375612244898
-3.440860714285715
-3.209336795918367
-3.453280693877551
-3.2121134693877544
-3.0522913061224495
-3.8338053061224486
-3.6959056938775507
-3.789239979591837
-3.5244714897959177
-3.4381246734693875
-3.6725532857142844
-3.6217143061224486
-3.4839690408163255
-3.3991006734693876
-3.643894326530612
-3.2987227142857143
-3.6535233877551017
-3.7488605918367344
-3.4978421632653065
-3.514733959183673
-3.2499591632653058
-4.236652020408162
-3.2064119183673467
-3.1795340204081635
-3.4091303061224494
-3.366888551020408
-3.9714659795918363
-3.2420902653061217
-3.7717327551020405
-3.5901032040816316
-3.389839653061224
-6.454435326530611
-3.32632418367347
-78.68640318367346
-3.815378285714285
-3.071520081632652
-4.10218387755102
-3.356644775510204
-3.907515408163264
-3.708045387755102
-3.6923822040816328
-4.065146591836734
-3.5161139387755096
-3.183491428571428
-2.952389040816327
-3.551041265306122
-3.3074550408163264
-3.3840380204081635
-3.2808281428571417
-3.6579381428571422
-3.4583447142857144
-3.1704162857142855
-4.131489489795918
-3.2748941632653072
-3.354894081632653
-3.3229763265306116
-3.1842803061224485
-3.2622388775510203
-3.2957398775510205
-3.2303895102040805
-3.337025367346938
-3.724556040816326
-3.812354081632652
-3.3382034693877554
-3.3669466938775505
-3.208697571428571
-3.82489930612245
-3.9157617755102025
-3.2643451632653058
-3.7322524897959184
-3.3138287959183677
-3.6838423265306117
-3.9342213877551013
-3.149847040816327
-3.2888302653061223
-3.2318986938775507
-3.711921653061224
-3.65756669387755
-3.7323047755102037
-3.2779725714285712
-3.528121612244898
-3.217172285714285
-3.7876639387755096
-3.122581306122449
-4.334217673469388
-3.339036897959183
-3.3749391632653065
-3.41804187755102
-3.2940158775510207
-3.4722641836734685
-3.100990306122449
-3.4629856122448976
-3.3672237551020414
-3.341930306122449
-3.8526733469387753
-3.555922306122449
-3.4595044693877544
-3.337120734693878
-3.2486645102040814
-3.158067469387755
-3.282192551020408
-3.183017653061224
-3.5742351632653047
-3.746953
-3.726700959183673
-3.3350572244897956
-3.629467040816326
-3.634142897959183
-3.491814673469388
-3.492608775510204
-3.549086122448978
-3.7115023061224477
-3.3131724897959174
-3.51706181632653
-3.453816122448979
-3.561431
-3.1152200000000003
-3.2595258163265304
-3.9696964081632644
-3.1217881428571426
-3.331052775510204
-3.6687556734693882
-3.7767534285714284
-3.726837612244898
-3.12994987755102
-3.7272649387755097
-3.6455558163265307
-3.4741959183673465
-3.4089932448979585
-2.9704635714285708
-3.9723816938775514
-3.2889168367346944
-3.3956621224489796
-3.29148181632653
-3.351362959183673
-3.5332436938775507
-3.3820436938775504
-3.388861020408164
-3.576611979591836
-3.2920182448979585
-3.1333792040816326
-3.4167520816326524
-3.5849743469387754
-3.3694967551020407
-3.3709818571428567
-2.991263571428572
-3.7572229999999998
-3.1641353469387745
-3.197652755102041
-3.331016673469388
-3.758420265306122
-3.5637750612244896
-3.2688598163265303
-3.7453144489795918
-3.2918958163265306
-3.3589257551020406
-3.5966741224489787
-4.242518387755102
-3.4061692040816327
-3.3255348571428565
-3.460394142857143
-3.817658122448979
-3.3270052857142858
-2.947684816326531
-4.298163204081631
-3.629850224489796
-3.5811471428571435
-3.289198469387755
-3.325761571428572
-3.191043489795918
-4.445419795918367
-3.6912204285714276
-3.848686408163265
-3.3994088979591828
-3.539376857142858
-3.402353265306122
-3.266466795918367
-3.287306469387755
-3.5405374081632646
-3.4261555306122444
-3.708984204081632
-3.59961693877551
-3.4580578367346932
-3.310701204081633
-3.7427976326530605
-3.5677570204081634
-3.3476733061224486
-3.818675857142856
-3.2758656734693883
-3.0715567551020406
-3.4176680816326526
-3.729309020408163
-2.987204020408163
-3.7281105918367343
-3.353501999999999
-3.3614706734693875
-3.6039367959183672
-3.4174967551020394
-3.650105857142856
-3.346331795918367
-3.732517040816326
-3.296660408163265
-3.570018551020407
-3.402035183673469
-3.2657950612244893
-3.9176593877551014
-3.2689489183673466
-3.493233285714286
-3.61319793877551
-3.6823355918367335
-3.358534081632653
-3.625153734693878
-3.576768183673469
-3.494751224489796
-3.493056306122449
-3.527857224489795
-3.38224193877551
-3.516410346938775
-3.271327489795918
-3.8149703061224494
-3.2823033877551016
-3.2005819591836735
-3.7846892857142853
-3.8027216530612242
-4.092623367346938
-3.103095816326531
-3.876453265306123
-3.686050836734694
-4.128881224489795
-3.959736795918367
-3.737304959183673
-3.964798714285714
-3.5856124081632643
-3.8768803265306118
-3.2642327551020403
-3.1510512244897964
-3.632084
-3.3775958367346934
-3.90555787755102
-3.321947714285714
-4.009789367346938
-4.131697448979592
-3.432998755102041
-3.370939428571429
-3.59077581632653
-3.5143491224489796
-3.3426739999999997
-3.492212448979592
-3.747282408163265
-3.600537959183673
-3.427287714285714
-3.409668693877551
-3.381305163265307
-3.4136895714285718
-3.5766949183673473
-3.5222792244897962
-3.694511346938776
-3.1329219795918366
-3.4597235714285706
-3.6942895510204075
-3.588193081632653
-3.255584571428571
-3.237945020408163
-3.5030756530612246
-3.691288795918367
-3.360097448979592
-3.4947132040816324
-3.547141591836734
-3.15040218367347
-3.30607987755102
-3.924088265306122
-3.395145204081632
-3.2626626734693875
-3.546635122448979
-3.6330558163265305
-3.765643551020407
-3.907052265306122
-3.544007265306121
-3.639804489795918
-3.461604244897959
-3.1236797959183678
-3.3771192448979583
-3.663310632653061
-3.500077346938775
-3.3942868571428573
-3.7782662857142864
-3.652353040816326
-3.625003040816326
-3.626991387755101
-3.084196102040816
-3.7131527959183668
-3.5216578367346942
-3.568278673469387
-3.253684591836734
-3.373950734693877
-3.2599872040816322
-3.3065917755102037
-3.4661175102040813
-3.2527531428571423
-3.338465836734694
-3.327841326530612
-3.6479919183673477
-3.4047239591836735
-3.2802696938775506
-3.6317026938775507
-3.6859870408163267
-3.198264306122449
-3.3284912244897953
-3.6862573061224486
-3.66805293877551
-4.316174591836733
-3.560093816326529
-3.3894185102040817
-3.5772937551020405
-3.231241244897959
-3.309960122448979
-3.3766080612244895
-3.7701052244897957
-4.232255224489795
-3.9173631428571425
-3.2076726530612234
-3.6356009183673477
-3.86767257142857
-4.009352265306123
-3.3022790204081636
-3.9756281020408157
-4.1060970612244905
-3.1488762857142865
