-23.126826387755102
-9.14440612244898
-13.947784979591836
-9.704828612244896
-6.429728020408161
-6.307163224489795
-5.857843346938775
-5.408766122448979
-5.979812653061225
-5.2275221428571435
-5.054766836734694
-5.932166836734693
-5.65525412244898
-5.467210244897959
-5.21599881632653
-5.3607553265306125
-5.068256734693877
-5.002512489795918
-5.28687993877551
-5.6717680408163265
-5.8817989183673465
-5.109374897959183
-5.593253897959182
-5.50988044897959
-6.110303836734693
-5.923456265306122
-5.045918632653061
-5.5428566938775505
-5.559239285714286
-5.355108326530611
-5.147228959183674
-5.262366183673469
-5.0188846530612246
-5.278243489795917
-5.591143040816327
-5.21982781632653
-6.340024387755101
-6.171615326530611
-6.4498560000000005
-8.931433632653059
-7.869150448979594
-6.54622493877551
-5.587923163265305
-5.546728469387754
-5.138364918367348
-5.260700081632653
-5.367715428571429
-5.30974412244898
-4.982919040816327
-5.625123
-5.334207714285714
-4.960139571428572
-5.065397306122447
-5.055198571428571
-5.0785618367346945
-4.670694265306122
-5.022346714285714
-5.156236061224489
-4.863852551020408
-4.742262551020408
-5.225609591836735
-5.011457489795918
-4.933211999999999
-5.030143857142859
-4.850370285714286
-5.31929687755102
-5.046703938775509
-5.1589799591836725
-5.17632457142857
-4.86235430612245
-4.9017274693877555
-4.714397183673469
-4.84461093877551
-5.392756387755101
-4.662915714285713
-5.229495510204082
-6.339773244897959
-5.0684057142857135
-5.0333790408163255
-5.960443959183673
-5.045041265306123
-4.908125326530612
-5.174227979591837
-5.593817448979591
-5.37134281632653
-4.790267571428571
-5.102738673469387
-5.446420204081633
-5.511606653061225
-5.510453448979591
-5.616812408163264
-4.999408571428571
-5.181646775510204
-5.10909251020408
-4.645494714285714
-5.288209836734693
-5.183373469387754
-5.019215734693876
-5.016864612244897
-5.243301122448978
-5.006062408163265
-5.239232877551021
-5.663584857142858
-5.711606653061224
-5.074990775510203
-4.742642979591837
-4.934187285714286
-5.466135897959184
-4.734147040816325
-5.406729959183672
-4.99281287755102
-5.536339040816327
-5.338989836734693
-5.271143387755102
-4.784024040816327
-4.769436061224489
-4.981899326530611
-5.292713469387754
-5.571080469387754
-5.217980061224489
-4.682105918367347
-4.794433591836735
-4.78848530612245
-4.916564816326531
-5.082446510204082
-4.7654826938775505
-4.995577367346939
-4.977631000000001
-4.894263020408163
-4.823994938775508
-4.764549306122449
-5.043833367346939
-4.838223612244898
-4.516865959183674
-5.2691072040816325
-5.260922979591836
-5.0096971836734685
-5.499096122448979
-5.100942571428571
-6.185521102040816
-4.869210877551021
-4.810350673469388
-4.776008714285712
-4.650099734693878
-5.099538081632653
-4.890247918367347
-5.374211530612245
-4.955714020408163
-5.038880142857143
-5.186460795918368
-5.253098489795918
-5.379789795918367
-5.139010306122447
-4.99967493877551
-4.999660734693877
-4.9450313265306125
-5.3420301428571415
-5.27604181632653
-5.110656346938775
-5.387107959183673
-4.962228693877551
-4.84032530612245
-4.8664452448979585
-5.042855938775509
-5.951518795918368
-4.796626183673469
-5.0836839591836736
-5.994189877551021
-5.837574428571427
-6.11550024489796
-4.747693530612244
-4.949498775510204
-5.740060918367347
-4.60257
-4.94258587755102
-5.277116122448978
-5.109296551020408
-4.8179446734693885
-5.63085744897959
-5.063809020408162
-5.001892040816326
-5.015044204081631
-5.875973346938775
-5.328137061224489
-5.492701163265305
-5.530628857142856
-4.913270795918367
-4.865880448979592
-5.526509183673469
-4.980351510204082
-4.825642163265306
-4.785708775510204
-5.4610040612244894
-5.240069836734693
-5.549886285714287
-5.316320326530612
-5.854386306122448
-5.201008571428571
-5.79921912244898
-5.630904183673469
-5.484532959183673
-6.622660306122449
-5.567085469387754
-5.528139551020407
-5.8540019999999995
-5.5722638163265295
-5.879333734693877
-4.8262534285714285
-5.572058510204081
-5.431323102040816
-4.655208408163265
-4.976464959183672
-5.941894204081631
-4.758229959183673
-4.963267306122448
-5.667711142857142
-8.499279795918365
-6.517781102040816
-4.971444714285714
-5.24184087755102
-5.51792181632653
-5.012090571428571
-5.29636663265306
-5.166901979591837
-5.577080346938776
-5.340249673469388
-4.977090959183673
-6.289096510204081
-4.629156918367347
-5.251627428571428
-5.118232306122448
-5.1849495102040795
-4.568022653061224
-3.793471959183663
-5.268107734693878
-5.193788571428572
-4.803087346938775
-5.377980265306122
-4.781437469387756
-4.878700346938775
-5.399962061224489
-5.4554868163265295
-5.8708852857142855
-4.910816081632652
-5.15649075510204
-4.842589265306124
-5.182553734693877
-5.275566918367347
-4.568140469387755
-5.6394015714285715
-5.36714593877551
-5.614609306122447
-5.1176456938775505
-4.904512244897959
-5.053203
-5.161281612244898
-5.243700102040816
-5.11555269387755
-4.732649632653062
-5.273821612244898
-5.017769591836734
-5.04077293877551
-5.546018326530611
-4.789301591836734
-5.328696469387754
-4.768150938775509
-5.496835510204082
-5.036880734693877
-5.463627673469388
-5.020690530612246
-4.610455
-4.711274224489796
-5.156967612244898
-5.721794306122447
-4.659290081632653
-4.9461465306122445
-4.9245306326530605
-4.978937285714286
-4.656595265306121
-5.307521285714286
-5.036556612244899
-5.857976387755101
-4.9804640000000004
-5.229650448979591
-4.844667244897958
-5.068490693877552
-5.467918408163265
-4.856163632653061
-5.26103718367347
-5.296937734693877
-5.009900510204082
-4.726353020408162
-4.685096591836734
-5.078425142857142
-5.607900836734693
-4.86433875510204
-5.024954408163265
-6.143957775510204
-5.079980265306123
-5.604485469387754
-6.66716963265306
-4.8374765510204085
-4.966211979591836
-4.862412428571429
-4.934936306122449
-4.700311204081633
-5.125636204081632
-4.834162836734693
-5.443509346938775
-5.342702714285714
-5.2508179591836734
-5.246525326530612
-5.3654626326530614
-5.512183122448979
-5.018042306122448
-4.885748918367346
-5.151936653061224
-5.360525326530612
-4.745505346938776
-5.641764918367349
-5.190805959183673
-4.96817451020408
-5.107284510204082
-5.314197857142856
-4.844792224489796
-5.55165693877551
-5.332318428571427
-5.295652489795917
-4.790068551020408
-5.226771795918367
-5.550788224489795
-5.7385119183673465
-5.233300142857144
-5.122097367346939
-5.342193387755101
-4.598484265306122
-5.564639040816326
-5.5605244693877545
-5.468846857142857
-5.078294387755101
-5.211298020408163
-5.28401669387755
-4.871103653061224
-5.4674944489795925
-5.285344244897958
-5.068105265306123
-5.4701314285714275
-5.12807287755102
-5.606596489795918
-5.386961979591836
-5.327964510204081
-5.297542224489796
-5.320222959183673
-5.486242448979592
-5.335562346938776
-5.139146387755101
-5.225795836734694
-5.305941734693877
-5.807560224489794
-5.050408469387756
-5.251022795918367
-5.555039367346939
-5.029464836734694
-5.119715795918368
-5.589632428571427
-5.150227795918367
-6.370471530612244
-5.452783448979591
-4.848764857142857
-5.4637960204081635
-5.41803418367347
-6.687483755102042
-4.879400510204081
-5.325396122448979
-5.606783142857143
-4.819375000000001
-5.155478775510203
-6.31052993877551
-4.671110448979591
-5.251399102040816
-5.141603163265305
-5.247666632653061
-5.274384775510204
-5.914606367346939
-5.003922408163264
-4.819516040816326
-5.563322591836735
-4.734437551020408
-4.742037571428571
-5.274811142857143
-5.6200792653061225
-5.297752979591837
-5.267868367346938
-5.305230061224489
-5.051010285714284
-5.40181
-5.8868801224489795
-4.9437483061224485
-5.4389866326530605
-4.802684265306123
-4.958931142857143
-5.113157897959184
-5.431256612244898
-4.747715306122448
-5.156570448979591
-5.124538346938775
-5.394256918367347
-4.996027959183673
-5.224560979591836
-5.460946204081632
-4.966734734693878
-5.13917869387755
-5.701495632653061
-5.274044387755102
-4.869647653061224
-4.853501918367347
-5.2517674489795905
-4.828779551020408
-4.886458999999999
-5.900404183673469
-4.94361093877551
-4.962190714285714
-5.59104887755102
-5.3165033469387755
-4.877073040816326
-5.512294530612245
-4.7567434489795914
-5.500287775510204
-5.333478489795919
-5.028093673469388
-4.5595960816326535
-5.351969306122448
-5.626184020408163
-5.592223857142857
-5.331252836734693
-5.571830122448979
-4.937118714285713
-5.2806478979591835
-5.5689391428571415
-5.041089346938775
-4.785196551020407
-5.253194081632653
-5.4033056734693865
-5.223049469387755
-5.200931959183673
-5.290906714285714
-5.439181020408162
-5.387101306122449
-5.27551275510204
-5.042576
-5.361078673469387
-5.242814918367348
-5.225631653061224
-5.562769326530612
-5.794323775510203
-5.515699448979592
-5.154037653061224
-4.550973959183674
-4.927403877551019
-5.237450285714285
-4.891746673469388
-5.070912877551022
-5.124628714285714
-4.920634081632654
-5.23139832653061
-5.085462734693877
-5.47749081632653
-5.341281204081631
-5.514610591836734
-5.505405551020408
-5.678259224489796
-5.183143693877551
-5.352849306122448
-5.350201428571428
-5.037234510204081
-4.971784306122448
-5.499615244897959
-4.768252571428572
-5.189962959183674
-5.498152081632654
-5.504663346938776
-4.852809734693877
-5.447032346938775
-5.274554428571428
-5.403694408163265
-5.055373897959184
-5.001818061224489
-5.369906734693878
-4.861272428571429
-5.189045387755103
-5.248082714285714
-5.109579408163265
-5.04968581632653
-4.976558877551021
-4.956746693877552
-5.268595061224489
-4.847824714285714
-6.033788918367346
-5.15669651020408
-5.654990959183673
