-14.44645232653061
-2.9961732857142858
-2.7687000816326517
-2.142548591836735
-2.0530787551020415
-2.5685840816326526
-2.3619722857142857
-14.872729673469385
-2.095045816326531
-2.3797641428571428
-2.238429836734694
-2.2786471224489797
-2.265289551020408
-2.23851912244898
-2.3562029183673463
-2.575766326530612
-2.130327367346939
-2.0981828163265313
-2.4790039387755103
-3.2822217959183666
-1.9895696326530616
-2.123915102040816
-1.9300040816326536
-2.200504224489796
-2.564439346938775
-2.132329673469388
-2.3533819795918367
-2.5921694489795915
-1.9189033265306126
-2.494147346938776
-2.550600673469388
-2.197158571428571
-2.3064523877551024
-2.0696805102040816
-2.4662608571428573
-2.0542055306122453
-2.4162919183673477
-2.2539004897959183
-2.4697365510204077
-2.3308382448979597
-2.3374026122448983
-2.0267040000000005
-2.0615392244897963
-2.194008673469388
-2.0615532244897965
-2.0888832448979597
-2.4870366734693876
-2.257647612244898
-2.285568142857143
-2.625725122448979
-2.1001974693877554
-1.9884485510204086
-2.2104579183673465
-1.993008857142858
-2.119382
-1.8474378775510212
-2.123420163265306
-2.1421892040816326
-2.109936183673469
-1.8839063469387756
-2.357243632653061
-2.067343428571429
-1.8504629591836737
-1.7602126734693884
-2.462046857142857
-2.252736122448979
-1.8838094489795922
-2.246418530612245
-2.1561706326530614
-2.2142293877551023
-2.094555673469388
-1.9025455510204086
-1.992021673469388
-2.009821775510204
-2.104253224489796
-2.4682275102040814
-2.2227114285714284
-2.0611038571428573
-2.59363587755102
-2.0710290612244897
-2.0524038163265304
-2.25724675510204
-2.5027089387755095
-2.5673413673469385
-1.8996245714285718
-2.18017581632653
-2.1549969387755104
-2.0237328775510206
-2.214161755102041
-2.1279902857142856
-2.0024699999999998
-2.0956003265306125
-2.2761148367346937
-2.1458646122448983
-2.3417843673469383
-2.059134530612245
-2.286475224489796
-1.8704133673469394
-2.252813591836735
-1.739703918367347
-2.1247224081632656
-2.9923775714285705
-2.1927759183673468
-2.09407906122449
-2.139605612244898
-2.0940262653061232
-2.058029795918368
-2.1466553469387755
-2.1862675306122457
-2.2855855102040814
-2.1951953469387755
-2.067055653061225
-2.116011653061225
-2.2506399183673462
-1.947794632653062
-2.0218969387755106
-1.9207935510204088
-2.4029272857142847
-2.0277287142857148
-2.3049322857142855
-2.307092040816327
-2.2336198775510203
-1.8731010612244905
-2.1174754693877547
-2.1386082448979593
-2.183853122448979
-2.204998367346939
-2.1203854285714288
-2.121149693877552
-2.089947163265306
-2.4221830000000004
-2.284765367346939
-1.9758054693877556
-2.0562842857142853
-2.278648469387755
-2.1070064897959186
-2.318061510204082
-2.03038
-2.066280408163265
-1.8927828775510207
-2.215612387755102
-1.8852671836734698
-2.0435580000000004
-2.1747237551020406
-2.1326964285714283
-1.8341874489795922
-1.9890575102040824
-1.8821690816326533
-2.3396569591836736
-2.5478453673469383
-2.070742979591837
-2.032743857142857
-1.9718800204081635
-2.087270755102041
-2.024760959183674
-1.8277825510204084
-2.394239489795918
-1.996479673469388
-1.9335047142857147
-2.0866881020408163
-2.270798387755102
-1.8643028571428577
-1.99143512244898
-2.2364046530612245
-2.396772102040817
-1.8850655306122455
-1.8447844693877555
-2.099205979591837
-2.089278755102041
-1.9104850204081636
-2.001358020408164
-2.2684783673469386
-2.020501632653062
-2.308666142857143
-1.8352698367346942
-1.9343714489795922
-1.9663708571428578
-2.1217747142857144
-2.004810408163266
-2.038865367346939
-1.8580512448979598
-2.2937025306122445
-2.0071352244897964
-2.073718306122449
-2.268912
-2.0099434897959183
-2.0660143469387755
-2.0388509387755103
-2.0681111836734702
-1.7006410204081637
-2.0740451428571434
-2.1671377346938776
-1.8840713469387764
-1.841908897959184
-2.2165048367346945
-2.12552393877551
-2.1361458979591843
-2.0681398571428575
-1.9887631020408167
-1.8435199183673476
-2.7098661224489797
-2.2404564285714286
-2.3646351224489797
-1.9888882448979597
-2.156033020408163
-2.244886326530612
-2.097839367346939
-1.9333588775510213
-1.8608865918367354
-1.9270155102040825
-2.514823734693877
-2.140667346938776
-2.062740020408164
-2.0750704285714288
-2.227039020408163
-1.9842065510204088
-1.9966967959183677
-2.035234551020408
-2.300327102040816
-2.4074589591836726
-2.10920124489796
-2.3186861632653057
-2.0239909591836738
-2.134743918367347
-2.6336585714285707
-2.1065585102040822
-1.865806142857143
-2.0409047755102043
-2.2377222857142858
-2.1126417551020413
-2.2817769591836736
-2.2176810000000007
-2.78108787755102
-2.0604592653061227
-2.1932473061224496
-2.061322306122449
-2.406745734693878
-2.389945673469388
-1.9819159795918373
-1.9525667142857146
-1.9927754693877557
-1.9317565102040821
-2.207949795918367
-2.122195224489796
-1.9203527755102046
-2.2028404489795914
-2.1208352244897966
-2.3771132244897957
-2.14290030612245
-1.9119549183673477
-2.523698857142857
-2.1967108163265303
-2.5266697142857137
-2.2601078571428572
-2.007392653061225
-1.917953734693878
-2.3167666122448978
-2.20985706122449
-2.13080193877551
-2.079438530612245
-2.595707673469388
-2.052774938775511
-2.1596340204081628
-1.982730285714286
-2.100526346938775
-2.0840003469387756
-2.3655330408163255
-2.2684724285714286
-1.904446428571429
-2.0115583265306123
-1.9783118775510204
-2.0191687959183673
-2.291641265306123
-1.9903296938775514
-2.574558040816326
-2.174251734693878
-2.6784098571428565
-2.0143479591836733
-2.1678946734693882
-2.2693656530612243
-2.3338935510204086
-2.0256734081632657
-2.180773653061225
-2.26239406122449
-2.457193102040816
-1.91997212244898
-2.099503673469388
-2.0341834081632655
-2.100442326530613
-1.9192322244897961
-2.306742306122449
-1.9958802653061227
-2.1301618979591828
-2.0292072448979592
-2.1804356734693875
-2.3244446938775503
-2.1167805918367346
-2.0245048775510206
-2.3933907142857143
-2.1926164285714287
-2.0723740000000004
-1.8777952448979593
-2.106427428571429
-2.261572795918367
-2.0278214081632657
-2.1319207959183677
-1.880703265306123
-2.083976285714286
-2.3099260000000004
-2.167074265306122
-2.13718618367347
-2.4491847551020403
-2.2218748979591836
-2.1104877755102045
-2.295779897959183
-2.204282
-2.143107387755102
-2.4248732040816328
-2.0773430408163267
-1.9673831428571433
-2.0612292448979597
-2.135323591836735
-2.278139612244898
-1.9738173673469392
-2.0721273469387755
-2.119992306122449
-1.9976133673469392
-1.9850358163265311
-1.9895930204081635
-2.736590081632653
-1.8321788979591842
-2.182256040816327
-2.3798575102040807
-1.7759486734693883
-2.2510405102040822
-2.0613568979591843
-1.9490797346938782
-2.0848760612244903
-1.9431164489795925
-2.1693187346938774
-2.0402592448979595
-2.1621163265306125
-2.0341188979591838
-2.051534551020408
-2.1237265102040817
-2.004507836734694
-2.152216387755102
-2.338332387755102
-2.2638798979591828
-2.096241265306123
-2.387045775510204
-2.151414306122449
-1.8614238979591846
-1.9589151632653063
-2.147476979591837
-1.808938571428572
-2.2658581836734695
-2.18394212244898
-2.1545051020408166
-2.224995551020408
-2.213877265306123
-1.8815769183673474
-2.1745048367346946
-2.4829725306122445
-2.1724197346938774
-2.318529306122449
-2.533166346938776
-1.877326204081633
-1.9657276530612249
-1.9838864285714286
-1.8754281836734699
-2.2556549387755105
-2.2134926530612242
-2.1002649387755103
-2.2415870612244904
-1.9695980612244903
-2.446013367346938
-2.795347142857142
-2.165048081632653
-2.0405836122448986
-2.66978757142857
-2.3554980204081635
-2.3171593265306116
-2.1695232653061227
-1.9935188775510209
-1.9177573265306127
-2.4748155306122444
-1.9353089795918375
-1.9738980816326535
-2.182707244897959
-2.171217836734694
-2.211797714285715
-2.0139044897959186
-1.9697854693877552
-1.7678354489795924
-2.153642081632653
-2.346807693877551
-2.235966632653062
-2.966557163265305
-4.444930306122449
-2.199691775510204
-2.0805658367346944
-2.3792774693877545
-2.111853020408163
-2.1174964693877554
-2.426306469387755
-2.0161790612244905
-2.336056775510204
-2.428586836734694
-2.097486265306123
-1.9776792653061228
-2.216435489795918
-2.183199408163265
-2.2850931632653064
-2.102883326530612
-2.4269225510204087
-1.894763959183674
-2.4889156734693874
-1.925964734693878
-2.1956065714285713
-2.128359653061225
-2.215090285714286
-2.0910396122448986
-2.3302866734693874
-2.0867474693877552
-2.4984610000000003
-1.8917339795918373
-1.9695771632653067
-1.8058983469387764
-2.114017224489796
-1.9206301836734698
-2.2594986530612244
-2.3056497959183675
-2.3129136530612247
-1.812650959183674
-2.22905712244898
-2.130934142857143
-2.1338216122448985
-1.9501886326530617
-2.318243632653061
-2.2742638979591834
-1.9881146326530614
-2.125553040816327
-2.2161817959183674
-2.5584317959183664
-2.1925246938775507
-2.5765635510204072
-2.1516813265306114
-2.2663258163265305
-2.451349755102041
-1.945314897959184
-2.014249326530612
-1.9114488775510203
-1.956657612244898
-2.273955836734694
-2.1521796122448977
-2.4134016326530614
-2.227600489795918
-2.0059653673469393
-2.0859622040816332
-2.0088624285714287
-2.561949795918367
-2.199099081632653
-2.238448775510204
-2.0408127346938776
-2.2559907959183674
-2.475245285714285
-2.0380570612244906
-2.2665273061224487
-1.848599959183674
-2.5365706530612244
-2.1998998775510215
-1.9725794285714287
-2.6699438163265308
-2.1716702857142858
-2.0243071428571433
-1.8851315918367353
-2.1002035102040817
-2.0194596122448987
-2.462246367346938
-2.352605142857143
-2.4730561020408164
-2.0332347551020407
-2.1607162448979595
-2.233179918367347
-2.1005501632653063
-2.17984493877551
-2.3482921428571424
-2.11684130612245
-2.4007586326530603
-2.414594653061225
-2.3236886122448968
-1.996017510204082
-2.274175204081633
-1.9303605918367355
-2.3304165102040812
-1.953415346938776
-2.1812257346938777
-2.1134106326530615
-1.986250836734694
