0.053714285714285714
0.017755102040816338
0.02628571428571428
0.018346938775510215
0.01726530612244899
0.017857142857142867
0.0169795918367347
0.018673469387755107
0.018326530612244905
0.015755102040816336
0.01932653061224491
0.01534693877551021
0.0176326530612245
0.017653061224489806
0.017530612244897967
0.018489795918367354
0.016877551020408173
0.017734693877551028
0.016693877551020416
0.020510204081632663
0.017387755102040825
0.016979591836734705
0.01879591836734695
0.018163265306122462
0.01671428571428572
0.01767346938775511
0.02089795918367348
0.019714285714285726
0.019408163265306134
0.015448979591836744
0.019040816326530624
0.015408163265306129
0.01640816326530613
0.017653061224489806
0.019775510204081644
0.016081632653061236
0.0253469387755102
0.021448979591836743
0.017632653061224496
0.02240816326530613
0.02644897959183673
0.019897959183673482
0.02016326530612246
0.01940816326530613
0.0199591836734694
0.0196326530612245
0.01773469387755103
0.020857142857142866
0.01746938775510205
0.02255102040816327
0.02369387755102042
0.019163265306122456
0.01953061224489797
0.018489795918367358
0.022367346938775522
0.02140816326530613
0.019285714285714295
0.023020408163265314
0.023469387755102045
0.021857142857142867
0.0179591836734694
0.019183673469387767
0.019448979591836748
0.018244897959183683
0.01967346938775511
0.019877551020408175
0.021244897959183686
0.020081632653061236
0.01814285714285715
0.022653061224489807
0.01953061224489797
0.02104081632653062
0.020673469387755113
0.01783673469387756
0.018489795918367358
0.03587755102040815
0.02591836734694
0.02738775510204077
0.022857142857142864
0.017857142857142867
0.014346938775510212
0.01685714285714287
0.038387755102040795
0.03820408163265304
0.029653061224489803
0.022938775510204085
0.02575510204081633
0.01836734693877552
0.01021632653061224
0.03802040816326527
0.029163265306122437
0.0251428571428571
0.0395510204081633
0.01779591836734695
0.017918367346938784
0.023755102040816333
0.02169387755102042
0.021612244897959192
0.02344897959183674
0.02614285714285714
0.022489795918367354
0.02024489795918369
0.021387755102040825
0.022673469387755107
0.021836734693877553
0.0226326530612245
0.02246938775510204
0.02253061224489797
0.024428571428571435
0.019775510204081647
0.024020408163265304
0.023142857142857146
0.02212244897959184
0.022102040816326534
0.02226530612244898
0.02673469387755102
0.025673469387755096
0.021142857142857158
0.022591836734693886
0.023244897959183677
0.029346938775510197
0.023816326530612254
0.02953061224489794
0.0295306122448978
0.02710204081632652
0.024163265306122433
0.019510204081632662
0.03255102040816325
0.03040816326530613
0.024816326530612248
0.025816326530612242
0.02408163265306123
0.026551020408163258
0.028224489795918344
0.028673469387755102
0.02377551020408163
0.022632653061224493
0.03193877551020406
0.029510204081632633
0.031081632653061228
0.02397959183673469
0.02722448979591837
0.024897959183673473
0.029408163265306115
0.02677551020408164
0.02781632653061225
0.02414285714285714
0.02175510204081633
0.02555102040816327
0.02383673469387755
0.025551020408163275
0.025673469387755103
0.02740816326530613
0.02779591836734694
0.028857142857142852
0.026306122448979587
0.023346938775510202
0.02848979591836735
0.025979591836734695
0.03175510204081632
0.02732653061224489
0.024591836734693884
0.02820408163265306
0.025877551020408163
0.025408163265306115
0.025387755102040808
0.0280408163265306
0.027122448979591835
0.023244897959183684
0.023265306122448978
0.028306122448979582
0.035306122448979585
0.024612244897959178
0.02204081632653061
0.029265306122448983
0.03083673469387754
0.03181632653061223
0.025979591836734692
0.027183673469387753
0.02818367346938775
0.030102040816326527
0.026530612244897965
0.028530612244897956
0.031020408163265296
0.030142857142857134
0.026367346938775512
0.028183673469387754
0.029346938775510197
0.0273265306122449
0.03197959183673468
0.03404081632653061
0.027040816326530596
0.026612244897959197
0.027408163265306124
0.02569387755102041
0.03046938775510202
0.02953061224489795
0.027306122448979585
0.025836734693877546
0.027469387755102038
0.033428571428571426
0.02948979591836734
0.027979591836734694
0.03028571428571429
0.031061224489795924
0.026102040816326524
0.027204081632653056
0.031408163265306106
0.031040816326530607
0.030632653061224487
0.025122448979591833
0.03161224489795917
0.021734693877551024
0.03144897959183673
0.0283469387755102
0.034857142857142864
0.02693877551020408
0.03114285714285713
0.023836734693877565
0.031632653061224474
0.03283673469387754
0.02808163265306122
0.03344897959183671
0.033591836734693875
0.02946938775510203
0.027673469387755105
0.026469387755102047
0.030102040816326527
0.031122448979591835
0.03314285714285714
0.025877551020408163
0.032346938775510196
0.030632653061224497
0.02257142857142858
0.027408163265306124
0.02981632653061224
0.030489795918367337
0.033326530612244894
0.02887755102040816
0.02861224489795918
0.02730612244897959
0.026387755102040816
0.028367346938775507
0.029387755102040815
0.02906122448979591
0.028857142857142852
0.02961224489795917
0.029612244897959186
0.03477551020408164
0.029346938775510194
0.025510204081632657
0.027816326530612237
0.03120408163265306
0.027081632653061224
0.03179591836734693
0.03046938775510203
0.029775510204081625
0.032979591836734684
0.0330816326530612
0.03489795918367346
0.027836734693877544
0.028551020408163267
0.028510204081632653
0.02953061224489796
0.03455102040816325
0.028938775510204063
0.03346938775510203
0.03851020408163265
0.03604081632653061
0.030938775510204082
0.032040816326530615
0.028816326530612238
0.029530612244897957
0.032448979591836735
0.02763265306122449
0.03246938775510204
0.028612244897959178
0.027448979591836734
0.030000000000000002
0.027224489795918363
0.03179591836734693
0.03575510204081632
0.02718367346938776
0.03048979591836734
0.033816326530612235
0.03514285714285713
0.02812244897959183
0.030224489795918352
0.033102040816326526
0.032081632653061215
0.025795918367346942
0.028285714285714282
0.03471428571428571
0.033224489795918355
0.026693877551020408
0.04191836734693876
0.02979591836734694
0.028714285714285696
0.0286734693877551
0.03506122448979591
0.029632653061224486
0.026591836734693876
0.029959183673469367
0.036040816326530604
0.03289795918367346
0.031326530612244885
0.028020408163265308
0.028612244897959188
0.03855102040816325
0.030632653061224483
0.03948979591836734
0.030897959183673468
0.04491836734693875
0.029551020408163268
0.03128571428571428
0.035040816326530604
0.038163265306122456
0.029816326530612242
0.037795918367346915
0.03155102040816325
0.03428571428571429
0.03614285714285714
0.030020408163265313
0.032653061224489785
0.03414285714285714
0.02826530612244897
0.036653061224489795
0.036204081632653054
0.034979591836734686
0.03775510204081631
0.03814285714285713
0.0377142857142857
0.035244897959183674
0.03379591836734694
0.03461224489795918
0.03646938775510203
0.039591836734693873
0.033714285714285704
0.031510204081632645
0.031
0.034204081632653045
0.0304081632653061
0.0346734693877551
0.0373469387755102
0.033306122448979604
0.03414285714285714
0.033775510204081635
0.03728571428571428
0.03653061224489795
0.037408163265306126
0.03528571428571427
0.03324489795918366
0.0376326530612245
0.03777551020408164
0.046612244897959176
0.03440816326530611
0.036551020408163264
0.030428571428571426
0.03657142857142855
0.0330204081632653
0.040795918367346924
0.032571428571428564
0.032469387755102025
0.040224489795918354
0.03781632653061223
0.03393877551020408
0.03257142857142856
0.03355102040816326
0.03361224489795917
0.03687755102040814
0.03530612244897958
0.05059183673469387
0.035285714285714274
0.03710204081632653
0.0316530612244898
0.03544897959183673
0.031653061224489784
0.037857142857142846
0.030469387755102044
0.030612244897959193
0.0503673469387755
0.034469387755102034
0.0377959183673469
0.10869387755102053
0.035857142857142844
0.03318367346938774
0.032530612244897956
0.030224489795918366
0.03322448979591837
0.033591836734693875
0.03422448979591836
0.033877551020408146
0.03840816326530612
0.034795918367346926
0.03069387755102041
0.041775510204081615
0.03242857142857143
0.03371428571428571
0.0293265306122449
0.0333265306122449
