0.40047
0.300537
0.400835
0.301624
0.301168
0.301212
0.301257
0.302063
0.600732
0.300892
0.400505
0.300924
0.401344
0.301649
0.400865
0.302822
0.901117
0.300686
0.502402
0.400416
0.400537
0.401207
0.400647
0.400639
0.401652
0.400717
0.400237
0.401094
0.301402
0.400896
0.301475
0.301234
0.400303
0.401873
0.400476
0.40113
0.301552
0.301296
0.500374
0.30141
0.301432
0.401438
0.400841
0.500852
0.501626
0.301205
0.401394
0.400606
0.400801
0.301164
0.500961
0.400506
0.500464
0.500466
0.401047
0.400832
0.700928
0.400454
0.401181
0.500567
0.40199
0.401856
0.600766
0.601046
0.500425
0.501159
0.600263
0.501156
0.80186
0.800532
0.301592
0.700419
0.500397
0.500865
0.601198
0.598957
0.604382
0.500517
0.600196
0.600375
0.700514
0.401396
0.701345
0.501641
0.601535
0.501537
0.600606
0.500541
0.500533
0.500877
0.800639
0.500573
0.692915
0.600671
0.500805
0.500754
0.600869
0.702608
0.5004
0.501651
0.600462
0.900624
0.602513
0.601046
0.901002
1.00149
0.502068
0.402024
0.801376
0.901308
0.401083
0.802263
0.60125
0.700551
0.700494
0.801205
0.901999
0.801092
0.70052
0.601055
0.701326
0.600759
0.700971
0.676709
0.800736
0.901039
0.601454
0.600873
0.700918
0.600847
0.700633
0.601606
0.501164
0.501352
0.600458
0.501377
0.801239
0.601169
0.602417
0.601988
0.601052
0.701124
1.000793
0.702228
0.700686
0.601122
0.600521
0.800889
0.700777
0.600578
0.901061
0.700877
0.700992
0.700641
0.800411
0.901378
0.901517
0.801849
0.60048
0.800787
0.601369
0.900822
0.800735
0.900858
0.901497
0.90118
0.80116
0.70106
0.80061
0.80081
0.501964
0.901086
1.001182
0.900895
0.801386
0.901512
0.701093
0.801806
0.701104
0.7011
0.900873
0.80096
0.701341
0.801158
1.00118
0.900975
0.90092
0.902069
0.700638
0.600496
0.900938
1.501274
0.80034
0.801215
1.001226
0.902343
0.600825
0.700645
0.701149
0.701734
0.70125
1.001534
0.800716
0.802617
1.101597
0.80099
1.001166
0.801675
0.701792
1.000768
0.700892
1.100913
1.101073
0.901189
1.201779
1.100538
0.800687
0.60133
0.900843
0.802022
0.90069
0.802336
1.201823
1.101336
0.801594
1.10141
0.800417
0.800427
0.601733
0.800615
0.701266
1.300446
0.70117
0.701557
1.001618
1.201118
0.901403
0.700719
0.901232
1.201627
1.400575
0.800445
1.101319
1.102187
0.800623
0.801244
1.101191
0.800496
1.001183
1.300726
0.802016
1.001545
0.702649
1.301014
1.200514
0.703002
1.102174
1.001478
1.101617
0.901055
1.001105
1.200664
0.70107
0.902222
0.90091
1.601129
0.800902
0.801325
0.901772
1.403663
0.801419
0.900651
0.700601
1.101316
1.400737
1.301058
0.801305
1.302003
0.901162
1.100292
1.101488
1.501092
1.101287
1.201013
1.500519
0.901051
1.001409
1.001759
1.001677
1.10053
1.402017
1.500548
1.000796
0.800383
1.000517
1.101351
1.101498
1.000889
1.101352
1.00098
1.300325
1.201627
1.401379
1.201334
0.90051
1.2012
1.401663
1.400833
0.901433
1.300474
1.000571
1.500765
1.301056
1.200682
0.80063
1.10125
0.901118
2.201295
1.10099
1.30058
1.000639
1.402027
1.300789
1.801044
0.900332
1.000524
1.201267
1.201835
1.500805
1.300506
1.603865
0.901368
0.801912
1.201304
1.302477
1.20133
1.003191
1.200876
1.202243
1.201986
0.901509
1.701178
1.0016
1.000675
1.201426
1.500959
1.001414
0.902242
1.501476
1.301619
0.902042
1.102443
1.000967
2.102174
1.001458
1.101003
1.001641
1.100737
1.300676
1.201096
1.701409
1.60096
1.102884
1.401231
2.101371
1.101851
1.800675
1.400667
1.600486
1.00077
1.802548
1.200902
1.202085
1.200829
1.300954
1.300714
2.000743
0.802378
2.001872
1.601428
1.500765
1.00073
1.117302
1.40041
1.300612
1.501098
1.402857
1.701517
1.200656
1.200674
1.400545
1.201597
1.600404
1.001057
1.300717
1.301428
1.101613
1.101103
1.100943
1.301884
