0.12516720408163265
0.13128283673469388
0.141438693877551
0.13126879591836732
0.12714816326530612
0.12922755102040817
0.1291434897959183
0.13125557142857144
0.14351330612244897
0.1332439591836735
0.13124814285714284
0.13727873469387752
0.1373077142857143
0.1314211836734694
0.1332971632653061
0.1354465918367347
0.13937157142857143
0.13736838775510204
0.13337781632653062
0.143593224489796
0.1353666326530612
0.1394348775510204
0.1415630816326531
0.1496252857142858
0.12923346938775515
0.1454918979591837
0.13957273469387754
0.1476252448979592
0.14353751020408168
0.14554032653061225
0.1495382040816327
0.15165602040816326
0.14147600000000007
0.14968987755102042
0.14347338775510207
0.15376500000000004
0.1496836734693878
0.1476682244897959
0.14759214285714284
0.15791795918367346
0.15369548979591838
0.15588073469387756
0.1538102653061224
0.14763981632653064
0.15790816326530624
0.15980508163265303
0.1496711224489796
0.161875306122449
0.16597577551020407
0.1577762040816326
0.15984489795918366
0.15788920408163265
0.16186438775510203
0.1577605918367347
0.16193142857142853
0.16599851020408163
0.1700265510204082
0.16610765306122455
0.16400781632653064
0.16601463265306118
0.16191902040816328
0.16595018367346936
0.153701
0.16595422448979588
0.1599271632653061
0.16807379591836732
0.16806830612244897
0.17618404081632658
0.17417285714285707
0.17830185714285715
0.16595818367346937
0.17206730612244903
0.18028183673469383
0.1659502244897959
0.1884205714285715
0.19582973469387754
0.18602120408163267
0.18538355102040815
0.18634373469387755
0.18039353061224486
0.1823252040816326
0.19227822448979584
0.1828449795918368
0.17880865306122448
0.18054265306122444
0.180453306122449
0.17432377551020403
0.1804105306122449
0.19558575510204076
0.1795686734693877
0.18847573469387754
0.18607428571428572
0.22368285714285713
0.19471408163265308
0.1904567142857143
0.19454579591836738
0.18642587755102036
0.1966654081632653
0.1905219795918367
0.18864569387755106
0.20274640816326533
0.20070255102040818
0.18864718367346944
0.1947083469387755
0.19861793877551023
0.19261367346938774
0.20277473469387755
0.1906273469387755
0.20073163265306124
0.19055044897959175
0.19454248979591832
0.1947515306122449
0.19469924489795917
0.20278593877551027
0.19671967346938776
0.1967165510204081
0.20887259183673465
0.20677132653061228
0.20484248979591835
0.2089025918367347
0.21501891836734693
0.2109467142857143
0.21134763265306125
0.24988720408163265
0.21146342857142852
0.2131875714285714
0.20910095918367355
0.22138255102040819
0.21915081632653058
0.2129655510204082
0.20700061224489802
0.21296459183673463
0.21713432653061226
0.21717295918367346
0.21911606122448976
0.21086379591836737
0.2170783673469388
0.21502418367346943
0.2213017551020408
0.22329587755102034
0.22519536734693874
0.22736536734693877
0.22725306122448977
0.22738934693877555
0.22750377551020406
0.21706467346938774
0.22729777551020414
0.2231189591836734
0.22321942857142862
0.23137440816326524
0.2252844489795918
0.22725222448979593
0.23140806122448984
0.23132351020408162
0.23347763265306118
0.23544393877551015
0.21503836734693882
0.2354967346938776
0.23338355102040811
0.233416387755102
0.22543848979591832
0.23350681632653061
0.2354245102040817
0.23548446938775516
0.2374501428571429
0.22939530612244907
0.2375814693877551
0.233445693877551
0.2414501224489796
0.24156151020408165
0.23963255102040812
0.24168997959183675
0.24368253061224499
0.23951400000000006
0.24570428571428568
0.2436833469387755
0.24572538775510203
0.23350285714285707
0.24372493877551013
0.24176138775510206
0.24565518367346945
0.25183573469387754
0.24371361224489793
0.2538655510204082
0.2559370204081633
0.25178771428571417
0.25388857142857146
0.24785279591836737
0.24772685714285708
0.24569259183673467
0.2539371428571428
0.24988606122448984
0.2538248367346939
0.257948693877551
0.25391424489795916
0.2599754285714286
0.26003387755102036
0.2559505714285714
0.25999028571428573
0.26811873469387754
0.2580523469387755
0.25595081632653066
0.2681393673469387
0.2681506734693877
0.27223397959183665
0.25594820408163266
0.2600195918367346
0.2661746326530612
0.2681912653061225
0.26410269387755103
0.26808434693877553
0.26619602040816326
0.2660094897959183
0.2681581632653061
0.27025948979591846
0.2702273265306122
0.27215824489795915
0.26417565306122454
0.2742098367346938
0.272355
0.27222869387755094
0.2723788163265306
0.2743097959183672
0.27632751020408164
0.27416344897959183
0.28246438775510213
0.27835202040816326
0.2783807755102042
0.280365612244898
0.2824525918367346
0.2803988775510205
0.28447179591836735
0.28039304081632654
0.2823695510204081
0.2925748571428571
0.28853032653061217
0.28245438775510195
0.2844879387755101
0.2905839591836734
0.2864796122448979
0.2925853265306122
0.29461975510204086
0.2905787551020409
0.2926056530612244
0.2967222653061224
0.29673369387755105
0.29665981632653066
0.2926685918367347
0.29679122448979595
0.29262179591836734
0.2966926938775511
0.29470726530612246
0.2947266326530612
0.29658981632653053
0.2987514489795918
0.29675204081632667
0.30288689795918367
0.300899693877551
0.2987904081632653
0.3049298979591837
0.3109667959183673
0.30692530612244895
0.29881083673469394
0.30288865306122453
0.3069425102040817
0.30284853061224487
0.3089836734693878
0.30495753061224484
0.3109951632653061
0.3111063265306122
0.30894326530612254
0.31302167346938775
0.3048783673469388
0.3150125102040816
0.3111181632653061
0.3130616122448979
0.3110281836734693
0.3090145714285713
0.30904361224489785
0.3190714081632653
0.3110314897959183
0.3192447959183674
0.315197448979592
0.3231760000000001
0.3171045918367347
0.3151391632653061
0.3172041224489796
0.32325161224489796
0.32324748979591833
0.32727522448979585
0.319224693877551
0.3212240816326531
0.32324540816326525
0.32535087755102055
0.33131573469387754
0.3274773673469387
0.3274398163265306
0.32529889795918365
0.33141530612244896
0.33143716326530615
0.3293453877551021
0.3355224897959184
0.323303224489796
0.3294826530612245
0.33551116326530606
0.33158755102040804
0.33142055102040824
0.345580918367347
0.33158828571428595
0.3314740816326531
0.3314100408163266
0.3375241836734695
0.3417287551020407
0.34368595918367356
0.34157863265306115
0.3356571836734693
0.347740918367347
0.3458026530612246
0.3395789387755103
0.3356557551020409
0.3395637346938775
0.33761195918367354
0.34576142857142855
0.34383146938775516
0.35601122448979583
0.35183808163265295
0.3498455306122449
0.3480275510204081
0.3519928979591836
0.34605199999999997
0.3520337551020408
0.3459304489795918
0.36413038775510215
0.3458533673469389
0.35197053061224487
0.3520464285714286
0.3520426938775512
0.35196097959183675
0.349952448979592
0.3540815102040815
0.35207997959183673
0.35395261224489805
0.3581743469387756
0.3641011224489795
0.35599932653061217
0.35998846938775514
0.3621509795918368
0.3580603877551022
0.3662924285714286
0.3602588571428572
0.3560936326530613
0.36215459183673476
0.35807483673469376
0.3621438775510204
0.3583811632653061
0.37025669387755117
0.36827551020408167
0.37033359183673464
0.3642014693877551
0.3642585918367347
0.3684658571428572
0.37025518367346927
0.36620167346938787
0.36829063265306133
0.3682682448979591
0.3662741020408163
0.3704321224489796
0.37651220408163266
0.38462965306122454
0.37848600000000016
0.370425306122449
0.38256944897959183
0.37040742857142867
0.3785818571428572
0.37843008163265307
0.3804411428571429
0.3906835510204083
0.38471044897959183
0.3825971428571428
0.3825846326530612
0.38471495918367354
0.3804326530612246
0.38850622448979594
0.3924369387755103
0.3905415306122448
0.386624448979592
0.386650693877551
0.3967864081632652
0.398825
0.3887208571428571
0.39266720408163275
0.3987573877551021
0.40075606122449
0.3905884693877551
0.38659236734693875
0.38860610204081636
0.3988529795918366
0.3926800612244899
0.39274032653061225
0.39068783673469387
