0.23339375510204077
0.23081448979591837
0.23952495918367345
0.2547294897959183
0.2378254489795919
0.2418124489795918
0.22752685714285706
0.2778454693877551
0.2415991836734693
0.22332189795918364
0.229367306122449
0.23335061224489803
0.24561628571428568
0.23143510204081627
0.2395528979591836
0.23549175510204073
0.2355297959183673
0.23549477551020423
0.23965734693877547
0.23555934693877556
0.23753279591836743
0.23151287755102043
0.23950212244897953
0.23543071428571427
0.2395030816326531
0.2335152244897959
0.23544828571428575
0.23743467346938776
0.22937161224489802
0.22531077551020406
0.23761242857142867
0.23350965306122443
0.23344371428571428
0.2333984285714286
0.23348191836734694
0.22938322448979598
0.24779434693877544
0.22739830612244902
0.2376130204081632
0.24151508163265314
0.23348989795918365
0.23343469387755103
0.24774675510204083
0.23142614285714294
0.2335125714285715
0.2334724693877551
0.23953155102040816
0.2436434489795919
0.23748697959183668
0.2374681836734694
0.2375515918367347
0.2252822040816326
0.22329761224489802
0.2272785510204081
0.22525926530612245
0.2294172857142858
0.22929695918367352
0.22941646938775515
0.22120579591836736
0.22515530612244902
0.23142048979591842
0.22523591836734697
0.21715710204081629
0.22523183673469388
0.22539057142857138
0.22739636734693874
0.22728167346938774
0.23138081632653054
0.22944512244897958
0.22932730612244906
0.22527724489795906
0.23347467346938772
0.2293785102040816
0.23329685714285722
0.2252798571428572
0.22929830612244903
0.2334395918367347
0.2253318775510204
0.22521099999999994
0.2293796326530613
0.2212427755102041
0.22123734693877545
0.22730069387755106
0.22934312244897964
0.22931604081632656
0.22324083673469391
0.22522226530612252
0.2273518367346939
0.2313828979591836
0.22526959183673465
0.22739138775510204
0.22533271428571433
0.23131957142857154
0.2253152653061224
0.22732238775510202
0.22335985714285714
0.233523918367347
0.22937220408163272
0.22322569387755112
0.23141320408163266
0.23153491836734696
0.22933269387755098
0.23140571428571433
0.22939246938775507
0.23131642857142853
0.23154706122448976
0.2253704285714286
0.22727634693877558
0.2273310816326531
0.22521110204081637
0.23337114285714278
0.22533630612244895
0.23549195918367344
0.23138914285714288
0.2232888367346939
0.23335322448979587
0.23139457142857142
0.23541987755102053
0.23573446938775502
0.22943691836734692
0.23192414285714283
0.23281567346938772
0.2300417142857143
0.29159583673469375
0.231400387755102
0.22532846938775508
0.22333428571428568
0.2273688775510204
0.23131887755102046
0.22732189795918364
0.22932108163265308
0.233372081632653
0.23136579591836734
0.23134542857142848
0.23331726530612248
0.22748867346938786
0.22537155102040815
0.23137891836734695
0.2273211632653062
0.22522236734693876
0.2275068775510204
0.2273809387755102
0.2190897551020408
0.231324
0.22802877551020412
0.23226528571428562
0.22523157142857142
0.217172612244898
0.2232340612244898
0.22535714285714284
0.23539395918367334
0.22116448979591835
0.21714665306122452
0.22936034693877547
0.2253531224489796
0.21922383673469395
0.22317093877551034
0.23331024489795926
0.22531779591836737
0.2312393469387755
0.23543761224489793
0.23143930612244903
0.2211766530612245
0.22727269387755103
0.2253209183673469
0.22728030612244893
0.22931759183673464
0.2232330204081633
0.22727640816326536
0.22529459183673467
0.23140532653061216
0.22127544897959187
0.23131853061224492
0.22944314285714287
0.22725263265306128
0.22538891836734695
0.2312644693877552
0.23338175510204073
0.23342373469387748
0.22328408163265315
0.2334244081632653
0.22926246938775507
0.23137163265306115
0.22160500000000005
0.2232051020408163
0.23745291836734697
0.22742877551020405
0.22334277551020407
0.2314052857142857
0.22335246938775505
0.22327126530612249
0.23141310204081628
0.22739873469387756
0.2273712857142857
0.23337608163265303
0.23142457142857142
0.22131306122448977
0.22933095918367347
0.21924083673469388
0.22734432653061218
0.23343422448979595
0.2211844285714285
0.22527255102040822
0.22872767346938774
0.2232291020408163
0.27295320408163265
0.22755597959183677
0.22123667346938766
0.2335850816326531
0.22732528571428565
0.23345089795918364
0.2275143265306122
0.2252308163265306
0.2337562448979592
0.22532636734693873
0.23137932653061222
0.2254284489795919
0.22109314285714288
0.2232581428571428
0.22734161224489793
0.227528
0.2211973469387754
0.2232277959183673
0.22742224489795917
0.22358483673469384
0.22927742857142863
0.22730942857142863
0.2333898571428571
0.22327575510204078
0.22743181632653062
0.22519122448979595
0.22329704081632645
0.22740583673469386
0.2171843877551021
0.22531512244897958
0.2252577959183673
0.2314232040816326
0.21717999999999998
0.23142575510204091
0.2191872857142856
0.2273945102040816
0.22533248979591838
0.23547010204081636
0.22971548979591835
0.22534030612244893
0.23134806122448984
0.22523367346938777
0.22524753061224487
0.2273195714285715
0.22933712244897964
0.22336561224489798
0.2172794489795918
0.223269306122449
0.2192282244897959
0.22126110204081634
0.22320465306122456
0.23150669387755102
0.22735097959183673
0.22316797959183682
0.22338477551020405
0.22728420408163272
0.22938487755102036
0.22120855102040823
0.22119863265306117
0.22724610204081636
0.22727973469387747
0.2252924285714286
0.2293714081632653
0.23133853061224488
0.22118389795918375
0.22935002040816324
0.22317434693877553
0.2212365510204082
0.22944175510204087
0.2293525102040815
0.23138089795918365
0.22543275510204078
0.22727840816326528
0.231443775510204
0.22531140816326528
0.2292621428571428
0.22524453061224503
0.21728432653061225
0.23543936734693874
0.22936475510204077
0.22726779591836735
0.21918165306122456
0.22924093877551027
0.22331016326530614
0.22943526530612238
0.2314821836734694
0.2334081020408163
0.2253355102040817
0.22937010204081634
0.22737726530612248
0.22937375510204086
0.2252165306122449
0.22726220408163264
0.22518769387755097
0.22929206122448978
0.22531391836734685
0.22726910204081632
0.22937806122448984
0.22338673469387763
0.23344802040816323
0.22732716326530614
0.22525763265306126
0.2274423469387755
0.22525953061224488
0.2191608571428573
0.22319697959183668
0.2273161224489795
0.22115391836734685
0.2272134489795918
0.2251948163265306
0.22527020408163273
0.23137551020408162
0.22314075510204082
0.2191951836734694
0.22739034693877544
0.22323218367346942
0.237405306122449
0.22933683673469388
0.23349593877551023
0.22933044897959184
0.23159755102040824
0.2251889387755102
0.23351536734693867
0.2314551224489796
0.2294062857142858
0.22742757142857142
0.2314551836734694
0.22738271428571433
0.2254670408163265
0.22751283673469397
0.22339187755102036
0.2254234081632653
0.22137444897959185
0.22542818367346942
0.22747961224489793
0.22748277551020415
0.22934738775510222
0.22937712244897965
0.22744604081632652
0.2275202653061224
0.2273870816326531
0.22754048979591843
0.22340495918367345
0.22531085714285717
0.23351814285714284
0.22557318367346935
0.2253694693877551
0.2274914897959183
0.22742148979591836
0.22550099999999998
0.22536642857142866
0.23554318367346944
0.2233032040816327
0.22535442857142854
0.2294860204081632
0.23151634693877554
0.21125048979591834
0.23340881632653065
0.22754493877551016
0.22532346938775505
0.22738673469387752
0.22553204081632652
0.22548612244897961
0.2334351836734694
0.2275293469387754
0.22955048979591833
0.22746230612244894
0.22335318367346937
0.22743942857142857
0.22335034693877548
0.2334901428571429
0.22543259183673467
0.2334249591836735
0.22544199999999998
0.23145408163265305
0.22546969387755106
0.22541259183673465
0.22535944897959187
0.23362393877551024
0.2192895510204082
0.231394306122449
0.2294574693877551
0.22553532653061228
0.2293656122448979
0.22953199999999999
0.22335465306122448
0.22550012244897957
0.2233858163265306
0.23546379591836736
0.22944591836734696
0.22939112244897958
0.22538053061224492
0.21921067346938777
0.22341500000000006
0.23356297959183672
0.2334354285714286
0.22542259183673463
0.23155630612244887
0.22333938775510198
0.22332561224489791
0.22543442857142854
0.22746142857142854
0.2252964489795919
0.22752248979591838
0.2253623673469387
0.21921104081632647
0.2252935510204082
0.22127451020408154
0.2233744285714286
0.22956485714285715
0.2214342244897959
0.22329936734693873
0.23552536734693877
0.22327195918367346
0.2274662448979592
0.2274343469387755
0.22136324489795928
0.22536114285714284
0.23368675510204076
0.23149283673469395
0.22734859183673473
0.2294188979591837
0.2315451836734694
0.22541824489795922
0.2253913877551021
0.21929481632653053
0.22145865306122453
0.225437081632653
0.22351877551020405
0.23359373469387754
0.22739838775510202
0.23355416326530615
0.22533504081632655
0.22744955102040817
0.22739318367346933
0.23146448979591847
0.2294292040816326
0.22130034693877554
0.2273774693877551
0.22949859183673466
0.2273925714285714
0.22339102040816328
0.2336357551020408
0.2335536326530613
0.23357261224489795
0.22357518367346937
0.2355227551020408
0.2234175510204082
0.22535453061224484
0.22738328571428576
0.22747348979591836
0.22956797959183678
0.231600306122449
0.2337118775510204
0.23144110204081625
0.2254810408163265
0.22534444897959174
0.22947581632653058
0.22340904081632654
0.22534846938775505
0.22545995918367345
0.22530667346938765
0.22332861224489794
0.22730320408163251
0.23145044897959186
0.2171522040816326
0.22748136734693877
0.22336044897959187
0.22132191836734696
0.22327057142857143
0.2294924081632654
0.2275075102040817
0.225494
0.2274663265306122
0.2294737959183674
0.2295140408163266
0.23874459183673477
0.2377737959183674
0.22130899999999987
0.23554528571428573
0.22534455102040812
0.223263306122449
0.22945832653061227
0.21941240816326535
0.22330299999999997
0.225392918367347
0.23350651020408164
0.22727389795918357
0.22547969387755104
0.21918308163265296
0.23563928571428575
0.21524316326530613
0.2375450816326531
0.22543640816326538
0.22131059183673482
