0.4369002653061225
0.4261348163265306
0.4339045918367347
0.4373947346938775
0.4356522040816326
0.42765885714285706
0.4334913673469387
0.4294544081632654
0.4375692653061225
0.42940806122448993
0.421301612244898
0.43552404081632645
0.4274698367346939
0.43550734693877563
0.42951277551020395
0.4375704693877551
0.4376510612244897
0.42540510204081633
0.4354567346938775
0.4334711632653061
0.4294144897959183
0.42942808163265317
0.43142612244897943
0.4293415102040816
0.43748157142857147
0.4356032244897958
0.42538085714285717
0.4334249795918368
0.43149485714285735
0.43958477551020403
0.43344530612244914
0.4295767755102041
0.4334924489795919
0.4253308163265305
0.4335566122448981
0.4276157142857142
0.4314793469387753
0.43760165306122434
0.435970530612245
0.4238834285714285
0.4275900408163265
0.43555900000000003
0.43153326530612246
0.4416286734693877
0.4253633673469389
0.4314315714285714
0.43151755102040823
0.4313830612244899
0.4314894489795919
0.4253633265306123
0.4355907346938776
0.42270604081632665
0.4208942448979591
0.4206176326530612
0.4267479387755103
0.42471997959183674
0.4267451224489796
0.4167848979591836
0.4108798571428571
0.4107724897959184
0.4128931020408163
0.4326981428571429
0.42484534693877554
0.4108005306122451
0.41268000000000003
0.4007265510204081
0.3946766734693876
0.4028841632653061
0.4128438163265305
0.4147360408163267
0.4006739387755102
0.412798836734694
0.42857846938775514
0.41071685714285714
0.41679393877551017
0.4187483265306122
0.39880985714285705
0.3947336326530611
0.40277893877551
0.3928219999999999
0.3927492040816327
0.3987912857142856
0.3948148775510205
0.400873387755102
0.4050685714285715
0.39464648979591843
0.3926977142857144
0.39877304081632653
0.39875722448979595
0.400738
0.4048287346938776
0.39881646938775506
0.3947721836734694
0.3968061428571427
0.3886350612244899
0.39470730612244903
0.3906803265306123
0.3968327346938774
0.3988984897959183
0.408915387755102
0.39465655102040814
0.3947716326530613
0.3968263673469389
0.4068884081632653
0.3967254897959184
0.3947503265306122
0.3967058571428571
0.3906819999999999
0.4007770408163264
0.39276832653061217
0.3926785714285713
0.39886414285714306
0.39465022448979586
0.40084565306122455
0.39270585714285705
0.3988067346938775
0.40278995918367333
0.40085667346938775
0.39868957142857137
0.40078555102040814
0.3988483265306123
0.4028286326530612
0.39675281632653064
0.398763448979592
0.39881316326530625
0.3968754897959184
0.40090548979591845
0.4008212040816327
0.39484673469387743
0.4028196530612242
0.3946708775510203
0.4027903877551021
0.4008084285714285
0.39472824489795927
0.39681126530612243
0.3926020408163266
0.39263616326530604
0.39277485714285704
0.4008330408163265
0.3948022040816326
0.3967830816326533
0.39681977551020414
0.39684187755102024
0.3967631224489796
0.39681267346938776
0.386561693877551
0.39257348979591833
0.4048648367346938
0.3967361020408163
0.39874261224489815
0.40074406122448986
0.3988111836734695
0.3947449183673468
0.3969252448979593
0.4008777551020406
0.39682653061224493
0.39280122448979576
0.39688289795918363
0.40711183673469403
0.3927798775510204
0.3968217346938776
0.39280802040816337
0.39094555102040807
0.4030494285714285
0.3988764693877552
0.39279738775510203
0.39281620408163276
0.3928095714285715
0.39883185714285707
0.4029394489795919
0.392778693877551
0.403056142857143
0.39485595918367355
0.39893342857142855
0.3989080204081632
0.40493606122448966
0.39692271428571435
0.4030495714285715
0.3969818979591836
0.4089637346938775
0.39485628571428566
0.400824306122449
0.3887880204081632
0.40304163265306114
0.3908346938775509
0.400936530612245
0.39274504081632655
0.38882685714285725
0.4008462040816327
0.39880024489795923
0.39288481632653066
0.39284712244897974
0.40501383673469393
0.39295240816326527
0.3889155306122449
0.4010775306122449
0.39893132653061225
0.39887322448979595
0.39284961224489795
0.3988189795918366
0.3969046734693878
0.39883893877551035
0.39887997959183646
0.39487934693877536
0.40292297959183687
0.3948494081632652
0.4008654693877551
0.39677793877551015
0.39279861224489787
0.3927547142857142
0.39487771428571433
0.392801693877551
0.402999
0.4049929795918367
0.3969349387755102
0.3968928163265306
0.3874460612244898
0.4010671224489796
0.4007808367346939
0.38665620408163265
0.3906441020408162
0.39474477551020415
0.3947616122448979
0.40082289795918374
0.3987988571428571
0.3948507551020408
0.3967041632653061
0.39273522448979586
0.3987354081632654
0.39669589795918364
0.4028558163265305
0.4010098163265305
0.3987426530612245
0.3956274489795917
0.3947048367346938
0.39689014285714297
0.3988398979591836
0.39882604081632655
0.39277238775510215
0.3968580408163265
0.39880420408163253
0.40490871428571434
0.4028493673469389
0.3987285102040817
0.40686483673469387
0.402831530612245
0.39671451020408155
0.3987567346938777
0.3946551836734694
0.4008211020408164
0.3988066734693878
0.3987545102040815
0.3966363265306123
0.39265626530612247
0.4007961632653061
0.3886498163265306
0.3947185510204082
0.39267185714285713
0.3926578571428571
0.4008376530612246
0.40699238775510205
0.3825782653061225
0.39475655102040796
0.4068575918367346
0.40082481632653055
0.39464787755102027
0.4008217551020409
0.39474436734693863
0.3966943673469388
0.40281081632653065
0.39461914285714295
0.3967851224489797
0.392706693877551
0.40684912244897964
0.4008024897959183
0.39469067346938774
0.3947474081632653
0.40280071428571435
0.3946630408163266
0.3988558775510206
0.4008365918367348
0.39276544897959176
0.39681032653061227
0.40282234693877544
0.39470681632653065
0.40493351020408164
0.39878128571428567
0.39674661224489793
0.40288916326530616
0.40287881632653055
0.39271651020408166
0.39478812244897965
0.4007955510204082
0.39684191836734684
0.3927609387755102
0.39265955102040806
0.3966878163265306
0.3927885510204082
0.3946021632653061
0.39272251020408155
0.39875153061224483
0.3967392653061225
0.40311587755102024
0.3865510000000001
0.4049733265306123
0.3926491836734694
0.39274522448979576
0.3988402653061224
0.3967497346938776
0.40896546938775513
0.39680536734693866
0.39061091836734696
0.39277632653061234
0.3968311020408163
0.39671044897959173
0.40069865306122454
0.3907117755102041
0.39876895918367355
0.3927360204081633
0.392685979591837
0.3987649999999999
0.3968064897959183
0.39673730612244895
0.39268157142857135
0.39476261224489795
0.39480734693877556
0.39690953061224477
0.3988578979591835
0.4070132653061224
0.3928540612244898
0.3948742857142856
0.3949281224489797
0.39476377551020425
0.3907582857142858
0.39287475510204084
0.394806775510204
0.4070362040816327
0.39474783673469394
0.3926181632653062
0.39483663265306107
0.39886989795918376
0.3908656530612245
0.39491485714285723
0.4030384897959185
0.400897081632653
0.39880477551020416
0.3948706938775509
0.394890693877551
0.398895
0.3867037142857142
0.4132712857142856
0.3887210000000001
0.39085044897959187
0.39887122448979606
0.3927578367346939
0.3988514489795918
0.4009377346938776
0.3908734285714286
0.3948336326530611
0.4070225510204083
0.39684273469387754
0.3988758571428572
0.3927892244897959
0.39688026530612247
0.4008995102040816
0.3948029183673469
0.4009050816326531
0.3928194693877551
0.39279987755102047
0.3989758163265307
0.3989141224489795
0.40490457142857156
0.3947657755102041
0.39882677551020407
0.3989995306122449
0.39892420408163265
0.39886302040816324
0.3970755102040816
0.3947137346938776
0.3928111632653062
0.3948503265306122
0.39483253061224494
0.39681757142857144
0.39888012244897963
0.39482579591836736
0.39283599999999985
0.4009122653061224
0.3968615918367346
0.4029427551020407
0.39496359183673474
0.4009545102040817
0.3949220816326532
0.4051083265306122
0.40097969387755106
0.39889536734693865
0.39692969387755095
0.390785693877551
0.39286885714285713
0.39895089795918365
0.3987880000000001
0.4050238163265306
0.3967727755102041
0.4028838979591836
0.3908096326530612
0.39687593877551003
0.39493863265306123
0.39090316326530616
0.3948009591836734
0.3909033265306123
0.39886681632653054
0.3969068979591837
0.401004244897959
0.38477036734693865
0.3847220408163265
0.4030622857142858
0.39885753061224494
0.39280155102040815
0.3927703673469388
0.4008725510204081
0.39895651020408157
0.39077428571428574
0.3988858367346938
0.3948495510204081
0.39480228571428566
0.3948062448979592
0.398875918367347
0.3886895102040817
0.39274397959183677
0.39083169387755107
0.4009079387755104
0.3907344897959183
0.4068647551020407
0.3989357551020407
0.39078855102040816
0.40510695918367345
0.3928436530612245
0.3907735306122448
0.40302283673469386
0.40082628571428575
0.3988937959183673
0.39486869387755097
0.40496561224489797
0.40299871428571427
0.39075238775510207
0.3989111836734693
0.3968526530612244
0.40087951020408147
0.38875771428571426
0.39079299999999995
0.4069574285714287
0.39281306122448967
0.3928699795918368
0.4030367959183674
0.3947792448979591
0.3948162040816326
0.3969050408163265
0.3987627959183672
0.39070483673469386
0.3887782448979592
0.39686269387755096
0.3947583469387755
0.40086555102040833
0.3906995102040815
0.3947751428571431
0.3909102244897958
0.4069813469387754
0.39279718367346933
0.3948177346938775
0.3948518979591837
0.4050422244897958
0.40906571428571437
0.3928455510204083
0.39681167346938767
0.40092369387755106
0.398959836734694
0.39483830612244886
0.4009339387755102
0.3927494693877551
0.3989661632653062
0.40078238775510205
0.3907864693877552
0.3967998775510203
0.4009332040816326
0.39477236734693877
0.38888742857142855
0.39901232653061236
0.4008559387755102
0.39676565306122447
0.39483242857142853
0.4010462653061225
0.3988628979591837
0.3968642040816327
0.39482320408163263
0.3887613265306124
0.396769142857143
0.3929303673469387
0.39682316326530626
0.4008398979591836
0.3908310204081631
0.40297048979591843
