0.300616
0.400389
0.300636
0.300844
0.300866
0.300975
0.400468
0.500976
0.500615
0.401567
0.400753
0.400846
0.400497
0.401103
0.401557
0.60133
0.400459
0.301717
0.600642
0.301067
0.400568
0.30441
0.40143
0.300923
0.301067
0.401081
0.300873
0.300742
0.300487
0.500835
0.400777
0.40022
0.300933
0.30132
0.501523
0.301404
0.500496
0.301246
0.400719
0.400686
0.400322
0.300869
0.301628
0.401905
0.300722
0.300471
0.301728
0.301517
0.400496
0.400599
0.500604
0.300696
0.300717
0.300581
0.401322
0.300779
0.300292
0.300609
0.300612
0.300684
0.400737
0.300677
0.30099
0.300899
0.400994
0.30028
0.301132
0.401972
0.300589
0.300365
0.300647
0.300948
0.301033
0.201313
0.400637
0.400807
0.201655
0.300521
0.400957
0.301156
0.300633
0.300719
0.400442
0.400713
0.402171
0.300325
0.30066
0.300909
0.401069
0.300731
0.30102
0.300534
0.400463
0.301434
0.300681
0.301383
0.300579
0.30077
0.400599
0.201523
0.301067
0.301199
0.401205
0.300451
0.30106
0.300773
0.40187
0.300378
0.400621
0.40053
0.400563
0.301468
0.300714
0.300499
0.301228
0.300425
0.300831
0.400518
0.301513
0.301038
0.501255
0.303966
0.300863
0.300662
0.300521
0.300622
0.30123
0.201209
0.4005
0.301329
0.400978
0.500462
0.400297
0.30082
0.301125
0.301232
0.201216
0.30185
0.20135
0.300604
0.300718
0.301343
0.300938
0.300741
0.201335
0.30039
0.300482
0.30048
0.400454
0.302152
0.300754
0.300791
0.301549
0.300913
0.500468
0.300885
0.2006
0.300986
0.300534
0.300843
0.300589
0.300315
0.301264
0.300632
0.300437
0.300579
0.300591
0.400602
0.300856
0.201734
0.400597
0.400475
0.40153
0.301974
0.201508
0.300554
0.301553
0.300659
0.40084
0.300792
0.400699
0.300401
0.400459
0.201128
0.401272
0.300489
0.201017
0.201479
0.300602
0.20112
0.301863
0.400636
0.300659
0.300614
0.300498
0.300502
0.301171
0.300552
0.401403
0.300469
0.30055
0.30041
0.301454
0.301136
0.300357
0.40053
0.300631
0.30053
0.301377
0.301455
0.300887
0.401645
0.201764
0.301234
0.301038
0.300804
0.302472
0.300977
0.300537
0.401171
0.301084
0.400923
0.300693
0.300878
0.402575
0.300443
0.201684
0.301576
0.300528
0.300804
0.301339
0.400631
0.401049
0.300336
0.400762
0.300617
0.301654
0.300617
0.300377
0.200906
0.301157
0.300896
0.30096
0.201319
0.300334
0.300613
0.300509
0.300357
0.40053
0.300824
0.401306
0.300805
0.300254
0.201655
0.3003
0.300672
0.400906
0.400904
0.300595
0.301612
0.401019
0.300913
0.300568
0.300471
0.300679
0.300318
0.300826
0.400896
0.302005
0.300897
0.301813
0.300679
0.500688
0.20144
0.300896
0.40053
0.400472
0.30196
0.300951
0.300823
0.201616
0.301648
0.301726
0.400261
0.301403
0.301386
0.4004
0.300663
0.400651
0.301326
0.300627
0.300777
0.300837
0.30067
0.401537
0.301065
0.301221
0.302106
0.400355
0.40061
0.301119
0.300958
0.301756
0.400568
0.500701
0.301466
0.20122
0.302432
0.401436
0.300571
0.400962
0.301037
0.3013
0.603419
0.30132
0.401592
0.301013
0.400268
0.301766
0.300726
0.300572
0.400309
0.300689
0.400444
0.202105
0.402002
0.30122
0.30078
0.301642
0.400411
0.202419
0.400809
0.202852
0.20145
0.30064
0.301087
0.300988
0.300463
0.400494
0.301237
0.301787
0.301445
0.301454
0.300612
0.300871
0.201541
0.301687
0.301243
0.301205
0.500353
0.400477
0.300454
0.201504
0.301572
0.400908
0.300795
0.300674
0.300586
0.401645
0.301133
0.601394
0.201591
0.301503
0.301261
0.301373
0.401279
0.400844
0.201256
0.302365
0.30057
0.300949
0.300533
0.30153
0.302403
0.500464
0.30192
0.30114
0.60439
0.302049
0.300403
0.400949
0.401577
0.400903
0.30119
0.300795
0.300391
0.201074
0.300435
0.301684
0.300845
0.300706
0.300742
0.30117
0.400652
0.301938
0.300978
0.301093
0.301605
0.300414
0.40119
0.300883
0.301484
0.400244
0.300787
0.301203
0.300693
0.300781
0.400923
0.40153
0.400473
0.300676
0.400456
0.401304
0.301525
0.203237
0.400435
0.300811
0.500447
0.301083
0.300673
0.301922
0.400586
0.300934
0.301128
0.301034
0.301441
0.300875
0.303944
0.300841
0.400706
0.400691
0.202311
0.501525
0.201546
0.201583
0.302311
0.300412
0.301126
0.301187
0.300637
0.400639
0.301658
0.300901
0.400687
0.401102
0.300615
0.201346
0.300595
0.300585
0.300837
0.300665
0.200893
0.201185
0.300662
0.301419
0.301039
0.20137
0.300831
0.302077
0.301342
0.300651
0.300985
0.30082
0.50108
0.301121
0.400831
0.301061
0.300619
0.400452
0.301317
0.301743
0.500646
0.202653
0.301058
0.302721
0.30136
0.300382
0.301853
0.400329
0.300678
0.401503
0.401226
0.201237
0.400429
0.300504
0.301212
0.301413
0.40113
0.400686
0.400492
0.500502
0.201083
0.401277
0.30071
0.301571
0.301161
0.400598
0.301729
0.301354
0.300439
