2.109672
1.40863
1.700711
1.700508
1.901467
1.601522
1.601611
1.50129
1.90115
1.30089
1.20132
1.600465
1.700558
1.300898
1.301088
1.400454
1.10143
1.103038
1.201433
1.501351
2.001053
1.20101
1.700409
1.600928
2.200447
1.702583
1.200647
1.601242
1.801765
1.401062
1.201431
1.301217
1.000402
1.500569
1.700911
1.401137
1.900995
2.000954
1.801636
1.800792
1.100588
2.201083
1.600665
1.30083
1.201344
1.300481
1.400944
1.700788
1.000982
1.802388
1.401152
1.500691
1.300722
1.50109
1.201965
1.001176
0.900866
1.300883
1.30129
1.200645
1.60094
1.401028
1.200822
1.300631
1.301256
1.800358
1.601892
1.301702
1.300881
1.200919
1.301419
1.000403
1.202739
1.701417
1.101395
1.90106
2.600826
1.30086
1.301117
2.101436
1.300683
1.301924
1.601174
1.500675
1.401102
1.201729
1.401495
1.802555
2.001494
1.900641
1.700832
1.202265
1.500643
1.300572
1.201299
1.501408
1.40038
1.102399
1.201964
1.500765
1.401147
1.501089
1.401902
1.700634
1.200547
1.200524
1.000658
1.900481
1.20067
1.702072
1.201869
1.701202
1.801453
1.401609
1.301107
1.001933
1.301623
1.400675
1.601102
1.500787
1.10215
1.001719
1.30166
1.201319
1.301646
1.100493
1.201254
1.301076
1.301662
1.200713
1.301399
1.30131
1.100508
0.901388
1.600357
1.700974
1.400598
1.60563
1.400859
2.401306
1.201622
1.001762
1.200983
1.200978
1.401189
1.101317
1.70114
1.101798
1.401118
1.400911
1.501419
1.50104
1.401
1.200763
1.100374
1.201715
1.500473
1.200811
1.204689
1.70178
1.100569
1.100775
1.100493
1.103119
2.301014
0.902027
1.402256
2.202591
2.000558
2.300803
0.901147
1.201565
1.700475
0.90076
1.201107
1.200395
1.402234
1.000656
1.50105
1.300623
1.20108
1.201739
2.001421
1.400684
1.701793
1.800436
1.300566
1.001338
1.70187
1.200636
1.201014
1.001065
1.701241
1.200818
1.201227
1.001749
2.100546
1.20052
1.802318
1.701095
1.50103
2.801935
1.601257
1.501702
2.001632
1.401078
1.801537
1.100527
1.901943
1.401223
1.001228
1.101232
1.601389
1.100612
1.202062
1.800594
1.400825
1.401221
1.101214
1.401417
2.001436
1.301632
1.20113
1.601563
2.000433
1.803751
1.300713
2.401951
1.000786
1.300801
1.400892
1.401329
1.10084
1.101049
1.600706
1.202195
1.201745
1.601197
1.001249
1.101553
1.600839
1.600331
1.900516
1.100847
1.400738
1.101901
1.501022
1.201171
1.000987
1.902643
1.201684
1.901449
1.401811
1.301435
1.401263
1.601706
1.70174
1.401173
1.200993
1.501266
1.101175
1.501351
1.500807
1.100932
1.601103
1.001034
1.70089
1.400914
1.800564
1.400514
1.001645
1.100818
1.400577
1.500814
1.001196
1.202285
1.301814
1.200648
1.000627
1.600997
1.300741
2.201292
1.300494
1.101253
1.200725
1.300966
1.801563
1.001002
1.600673
1.500911
1.30142
1.101392
1.101527
1.300338
1.901239
1.201041
1.100699
2.402464
1.500847
1.801077
3.000963
1.400719
1.101653
1.201086
1.300886
1.101351
1.501706
1.201186
1.700577
1.501957
1.401485
1.601634
1.401581
1.701497
1.301837
1.300623
1.201439
1.800354
1.201213
2.200784
1.602083
1.401489
1.401149
1.60079
1.000571
1.80211
1.500832
1.501363
1.201941
1.301277
1.601927
2.000606
1.401318
1.400959
1.401289
1.000981
1.601907
1.701071
1.700654
1.30105
1.500622
1.401117
1.200611
1.302302
1.501267
1.300612
1.70088
1.302599
1.600897
1.802423
1.601404
1.600876
1.501685
1.50107
1.601365
1.302032
1.400699
1.402595
2.100739
1.50101
1.501503
1.800456
1.401233
1.201641
1.500441
1.200703
2.40064
1.500931
1.301092
1.60157
1.302035
2.800716
1.10149
1.70065
1.800561
1.002305
1.10198
2.401683
1.000603
1.201629
1.201025
1.601055
1.500501
1.800818
1.501222
1.100234
1.700598
1.00115
1.102834
1.302034
1.801021
1.401714
1.30049
1.501352
1.400411
1.700835
2.001319
1.101853
1.501375
1.100581
1.001159
1.401743
1.501531
1.10081
1.402803
1.001886
1.601986
1.101615
1.301677
1.701306
1.301588
1.200484
1.803154
1.302475
1.101275
1.101051
1.201025
1.100642
1.201484
2.00154
1.300964
1.301435
1.901495
1.402696
1.101001
1.800568
1.001051
1.701874
1.501769
1.201105
0.901842
1.601319
1.800893
2.000526
1.400616
1.700469
1.200598
1.401248
1.700522
1.400702
1.100649
1.300815
1.600557
1.502961
1.301274
1.600521
1.70111
1.601476
1.30216
1.300646
1.701095
1.400914
1.401264
1.801118
1.700855
1.500562
1.20104
0.900511
1.30188
1.501096
1.200608
1.301279
1.400723
1.20084
1.301337
1.200556
1.60126
1.700866
1.902596
1.401623
1.901298
1.301569
1.501444
1.600685
1.301619
1.100654
1.701068
1.101444
1.202275
1.601383
1.300731
1.200443
1.50155
1.701713
1.201094
1.202149
0.80162
1.502405
1.101396
1.301161
1.600707
1.401789
1.30108
1.30214
1.400452
1.400882
1.101464
2.401018
1.501521
1.601363
