0.13671828571428576
0.13956502040816324
0.14810261224489793
0.13956540816326532
0.14962622448979593
0.13760344897959187
0.1435253469387755
0.14353440816326535
0.14153922448979595
0.14359861224489792
0.14161700000000002
0.14760104081632652
0.1435707551020408
0.14156485714285713
0.15174551020408159
0.13549951020408166
0.13760632653061225
0.1435788775510204
0.14567238775510205
0.14582279591836736
0.1333105306122449
0.13757448979591838
0.1353066530612245
0.13134481632653064
0.1396132448979592
0.13543340816326532
0.13744057142857144
0.14359161224489794
0.13123428571428572
0.14764206122448978
0.14567902040816327
0.14142853061224492
0.13743040816326532
0.13346802040816327
0.14355981632653061
0.1415807142857143
0.1456081632653062
0.14155130612244898
0.14564024489795915
0.14358146938775512
0.14149775510204085
0.1435343469387755
0.1334108163265306
0.13964522448979594
0.13951318367346943
0.13951918367346938
0.14359234693877557
0.13959346938775505
0.13946340816326533
0.13951502040816327
0.13542889795918364
0.13734642857142858
0.13725430612244895
0.1372610816326531
0.13524465306122448
0.13525014285714292
0.13319706122448981
0.13933644897959184
0.1312525918367347
0.12909344897959176
0.1351788775510204
0.13741491836734696
0.12724153061224486
0.12512804081632656
0.12547587755102044
0.13743
0.12327018367346937
0.1313382857142857
0.12723877551020404
0.13338512244897957
0.12918989795918367
0.12113583673469387
0.1353405918367347
0.12108951020408162
0.12929467346938775
0.12736165306122452
0.12319087755102041
0.1333410612244898
0.13343373469387756
0.13132155102040816
0.12117048979591834
0.12518310204081629
0.1353513469387755
0.12720322448979593
0.1272458163265306
0.12719465306122446
0.1312755510204082
0.13334028571428572
0.13547569387755104
0.1272885918367347
0.1292695918367347
0.1353397959183674
0.1312528163265306
0.12317183673469387
0.12924108163265308
0.12930540816326533
0.12513842857142857
0.12515316326530615
0.13942251020408167
0.12518720408163264
0.12534332653061228
0.13537857142857143
0.12729377551020407
0.12525622448979593
0.12730095918367346
0.1272220816326531
0.1332727755102041
0.1292554693877551
0.1293742040816327
0.12313355102040817
0.13137544897959177
0.1394440612244898
0.12326361224489794
0.12717104081632652
0.12727251020408165
0.12919234693877552
0.12521700000000002
0.12517573469387752
0.12320232653061226
0.12526865306122453
0.12728985714285718
0.12735934693877551
0.12730475510204084
0.13132187755102037
0.13333173469387757
0.12521765306122448
0.12728428571428574
0.12322304081632653
0.13127279591836738
0.11711138775510202
0.1334246734693878
0.12318720408163263
0.12510169387755102
0.1231336734693877
0.13142306122448977
0.13319571428571425
0.13132828571428576
0.12325702040816326
0.12114934693877545
0.12517046938775508
0.12318295918367342
0.12515218367346936
0.11913624489795921
0.13132716326530613
0.12933351020408163
0.11900438775510203
0.12322530612244899
0.1271541428571428
0.13539161224489796
0.13138357142857146
0.11909983673469389
0.1292477142857143
0.11508661224489794
0.11910828571428572
0.12710348979591837
0.12109379591836732
0.1293401428571428
0.12318036734693875
0.12924720408163265
0.12104657142857143
0.12934800000000002
0.12524655102040816
0.12925871428571423
0.12511371428571427
0.1313078367346939
0.12730546938775508
0.1251652244897959
0.1272718163265306
0.13135802040816327
0.12113795918367347
0.1293358775510204
0.12523332653061225
0.12114126530612246
0.12929761224489797
0.12307889795918367
0.13533491836734693
0.11500438775510209
0.12932518367346935
0.13752877551020407
0.13128814285714283
0.12514391836734695
0.12110928571428574
0.1170495306122449
0.12533438775510206
0.12332391836734694
0.12107457142857139
0.12524436734693878
0.12931112244897958
0.1312569387755102
0.13337359183673472
0.1313752040816327
0.12717789795918366
0.13137634693877553
0.12111612244897955
0.1252421836734694
0.12929010204081634
0.12332151020408166
0.12943593877551018
0.1315536530612245
0.127181612244898
0.13145506122448983
0.135560306122449
0.11733010204081629
0.13142799999999993
0.13358418367346933
0.12744269387755097
0.1396457551020408
0.1253412857142858
0.125371306122449
0.13143863265306127
0.12931795918367342
0.12535548979591837
0.12933806122448982
0.12333871428571427
0.13356755102040813
0.12117030612244899
0.127416387755102
0.12521885714285713
0.12322332653061228
0.12329840816326527
0.12733773469387757
0.13559344897959183
0.13343510204081635
0.12738542857142857
0.12744120408163265
0.1273455510204082
0.12119177551020409
0.12317187755102038
0.12539804081632652
0.12726551020408172
0.12323044897959186
0.1252467346938776
0.13355879591836736
0.13345322448979588
0.12747665306122455
0.1292839183673469
0.12530406122448978
0.1374575714285714
0.12732820408163265
0.12114846938775514
0.1293441020408163
0.12739659183673469
0.1293571428571429
0.12315483673469385
0.12114661224489798
0.1212618163265306
0.13141218367346943
0.1294328775510204
0.135616918367347
0.12324659183673473
0.12121326530612243
0.12734442857142858
0.12528314285714287
0.13352730612244898
0.12529608163265307
0.13141553061224487
0.12929457142857143
0.1375048979591837
0.12522506122448981
0.12944285714285714
0.13138671428571433
0.13363769387755106
0.12140504081632648
0.13134981632653056
0.12527559183673467
0.12938953061224487
0.11926793877551016
0.12739283673469382
0.12742706122448982
0.11723430612244896
0.12734059183673466
0.12716734693877552
0.12533351020408165
0.12532895918367348
0.12330383673469385
0.12739740816326534
0.1315059387755102
0.12533473469387754
0.12318465306122448
0.12330036734693875
0.12747591836734698
0.12949895918367343
0.1274421836734694
0.12324293877551018
0.12748455102040812
0.11922742857142854
0.1294125714285714
0.1354795918367347
0.12730520408163265
0.12929553061224489
0.125304693877551
0.11922473469387757
0.1211711020408163
0.12346255102040815
0.12741238775510197
0.13141063265306116
0.13352008163265303
0.12325528571428573
0.12534183673469387
0.12534006122448976
0.12527140816326532
0.13128581632653058
0.12522
0.1211805510204081
0.12317918367346939
0.12935626530612246
0.13140685714285713
0.13345171428571426
0.13128983673469388
0.12125983673469386
0.1356121836734694
0.1253438367346939
0.12942110204081633
0.11712804081632655
0.12725932653061223
0.1254359591836735
0.11923520408163264
0.12532920408163262
0.12531948979591837
0.13333142857142857
0.12723348979591834
0.12332944897959182
0.1232452244897959
0.12528691836734696
0.12931059183673463
0.1254347959183673
0.1274419387755102
0.13358585714285712
0.12126367346938777
0.12539908163265306
0.11921728571428572
0.1273098163265306
0.11723783673469386
0.11918544897959185
0.13354948979591835
0.129400918367347
0.1251285510204082
0.13137240816326531
0.12321836734693878
0.12545308163265304
0.11912302040816329
0.12539957142857142
0.1334717551020408
0.13140899999999997
0.12538742857142854
0.1232464285714286
0.13153444897959188
0.12537706122448983
0.1294737551020408
0.11509602040816329
0.1293545714285714
0.12733491836734695
0.13137173469387758
0.12738699999999997
0.12727297959183673
0.11713891836734695
0.1273225510204082
0.12524265306122448
0.1313883469387755
0.13354802040816327
0.13555787755102042
0.12334412244897958
0.12541669387755106
0.12736271428571427
0.12114812244897961
0.12324597959183674
0.13136242857142857
0.12337730612244896
0.1253255918367347
0.11707144897959186
0.12326318367346938
0.1253101020408163
0.11933130612244898
0.12140912244897956
0.12740828571428575
0.11924989795918367
0.13346446938775508
0.13145673469387753
0.1252528775510204
0.1333422448979592
0.13152281632653057
0.13139644897959188
0.12937371428571423
0.13958502040816323
0.13344273469387755
0.12530999999999998
0.11923810204081632
0.12534214285714287
0.12321832653061224
0.12739285714285717
0.1232860408163265
0.11914991836734695
0.1313224081632653
0.12525526530612235
0.12317948979591839
0.12747159183673468
0.12546946938775508
0.129321306122449
0.1315959795918366
0.13344193877551022
0.1273127755102041
0.12540820408163267
0.1313168979591837
0.12731524489795917
0.12529951020408164
0.1334900408163265
0.12736532653061228
0.12743491836734694
0.13561544897959185
0.13348428571428575
0.1251965714285714
0.13748161224489794
0.13352193877551022
0.13752995918367347
0.12748028571428574
0.13346077551020416
0.12940283673469388
0.1315712857142857
0.123343693877551
0.131435693877551
0.13569569387755104
0.12534983673469388
0.13149051020408167
0.1354235714285714
0.12326514285714286
0.12736318367346938
0.1293962857142857
0.12741234693877554
0.12733800000000003
0.13143775510204087
0.13133477551020406
0.1355191632653061
0.12531475510204082
0.13349802040816328
0.11935644897959184
0.12534922448979596
0.1314105510204082
0.13551871428571435
0.12326971428571427
0.12943969387755103
0.1253372244897959
0.1272913265306122
0.13125693877551017
0.13554793877551016
0.12942514285714282
0.13348397959183675
0.13157412244897956
0.12736012244897954
0.1253930612244898
0.1274494897959184
0.12933814285714282
0.12124269387755102
0.11715481632653059
0.1252807551020408
0.11716042857142858
0.1255342448979592
0.1275083673469388
0.13147634693877547
0.12138991836734696
0.115087306122449
0.129397387755102
0.13341744897959182
0.12945173469387752
0.12135130612244893
0.12324446938775506
0.12735848979591838
0.12136746938775508
0.13136516326530612
0.13341914285714285
0.12333414285714288
0.12941451020408162
0.12536097959183676
0.12337304081632651
0.12540981632653062
0.1274633265306122
0.12744657142857144
0.1293988979591837
0.12946602040816324
0.1272955102040817
0.1294565306122449
0.11920002040816331
0.12946806122448984
0.1233383265306122
0.13144520408163266
0.12143314285714285
0.12945946938775507
0.12731904081632653
0.13351406122448978
0.13343514285714292
0.1335227142857143
0.1252675102040816
0.11921499999999999
0.12731544897959185
0.12959100000000007
0.12534975510204083
0.131361306122449
0.11913489795918365
0.12732791836734697
0.1293501020408163
0.1232848163265306
