1.201107
0.601604
0.700542
0.800778
0.701501
1.100442
0.600584
0.900483
0.700791
1.40173
0.601259
1.100818
0.900503
0.700738
0.704551
0.802236
0.901297
0.601295
0.901022
0.900948
0.601321
0.901473
0.801184
0.900436
1.001232
0.700933
0.60077
0.600754
0.801475
0.700507
0.6004
0.800961
0.501037
1.00038
0.700905
0.500951
0.800651
0.600949
0.601943
0.601116
1.200571
0.900608
0.701569
0.700535
0.600791
1.000605
1.100563
0.800513
0.900668
0.601406
0.800678
0.801411
0.701717
0.700524
0.701116
0.700593
0.60096
0.702067
0.901631
0.700841
0.900879
1.101562
1.101865
0.900962
1.000662
0.700902
0.900823
0.701971
0.901684
0.800799
0.601209
0.700692
0.701559
0.60021
0.600664
0.601214
0.700414
0.700677
0.701135
0.701621
0.701228
0.801323
0.600569
0.901109
1.300788
0.900464
1.001521
0.702098
0.700725
0.801412
0.702507
0.800811
0.600455
0.901838
0.901703
1.201077
0.900708
0.700823
0.601178
0.700503
0.500408
1.001742
0.90198
1.000545
0.901812
0.701167
1.102468
0.700312
0.700948
0.600432
1.000508
0.501141
0.601841
0.700773
0.600891
0.700376
0.701267
0.700473
0.612273
0.901392
0.600332
0.70137
0.901103
0.826682
1.301229
0.800692
0.701262
0.700872
0.600699
0.7021
0.800801
1.101002
0.701112
0.701041
1.000651
1.500788
0.700986
0.700522
0.900961
0.700582
1.000489
0.801311
0.700642
0.600462
0.802958
0.601182
0.901373
0.701513
1.301133
0.703014
0.701199
0.600609
1.000351
0.701061
0.600752
0.901644
0.600661
0.600375
0.600965
1.200485
0.900684
0.70039
0.501235
0.800821
0.601313
0.802085
0.801534
0.800972
0.701603
0.60052
0.900637
0.60108
0.901615
0.601917
0.900691
0.600475
0.701071
0.90057
0.701236
1.101391
0.601227
0.800996
0.700389
0.600424
0.601617
0.801632
0.700628
0.602417
0.901599
1.001486
0.701894
0.701546
0.701741
1.200816
0.800756
0.602003
0.702565
0.700846
1.300772
0.501287
0.80048
0.901528
0.701232
0.515899
0.600995
0.901229
0.704129
0.601051
0.700585
0.901651
0.600465
0.701086
1.100922
0.800447
0.901727
0.502105
0.500757
1.201698
0.700348
0.602432
0.700331
1.300931
0.700369
0.600652
0.6003
0.800956
0.501
0.900925
0.701575
0.70059
0.600396
0.700639
0.502037
1.000879
0.602105
0.90069
0.700647
0.601369
1.001444
1.001458
0.600842
0.800488
0.600764
0.800571
1.000377
0.70127
0.600417
0.600559
0.900834
0.700677
0.801191
0.700759
0.701571
0.700623
0.602787
0.601456
1.101174
0.702282
0.700936
0.701118
0.900452
0.80085
0.60107
0.70087
0.900381
0.70145
0.800701
0.800902
0.700771
0.900589
0.600894
0.700359
0.80152
0.601115
0.700942
0.901273
0.801578
0.600706
0.90184
0.900443
0.900606
0.70108
0.60144
0.800632
0.802063
0.901131
0.700765
0.701961
0.60071
0.601125
0.601061
0.500666
0.801314
1.001497
1.202112
0.700377
0.600806
0.901158
1.10125
0.701205
0.800791
0.501465
0.902022
0.801575
0.700871
0.604846
0.700585
0.701134
0.700644
1.00122
0.700423
0.701356
0.701079
0.601093
0.800837
0.701309
0.600839
0.60107
1.001043
0.600653
0.7019
0.801133
1.101532
0.700377
0.700779
0.700592
0.600645
0.701553
0.600623
1.200589
0.700664
0.600912
0.802052
0.800527
0.701686
0.502154
0.800638
0.800529
0.700945
0.60078
0.701613
0.600429
1.600575
1.000929
0.600881
0.601249
0.700654
0.801655
0.701137
0.700328
0.801447
0.601349
1.202139
0.801285
0.700961
0.701216
0.600796
0.701241
0.900493
0.701858
0.700937
0.502039
0.700624
1.000768
0.601403
0.901381
0.501352
0.901387
0.802067
0.602299
0.901333
0.700857
0.900445
0.7013
0.701226
0.700911
0.400877
1.101555
0.601943
0.701269
0.802176
0.801191
0.702145
0.701932
0.601749
1.001045
0.600871
0.601201
0.70072
0.600383
0.601493
0.900735
0.702109
0.700814
1.000725
1.100664
1.001435
0.70092
0.901215
0.700889
1.3015
1.303032
0.700952
1.401163
0.700617
0.901749
0.700395
0.50212
0.900594
0.700784
1.100319
0.600582
0.801376
1.00156
0.801501
0.600503
0.90183
0.901008
0.600804
0.80182
0.800927
0.901885
0.800482
0.701439
0.601392
0.900416
0.801029
1.001288
0.802114
0.600863
0.802025
1.101282
0.801824
0.501256
0.501609
0.701798
0.801069
0.80281
0.601343
0.900992
0.501243
0.701791
1.30126
0.701115
0.700884
0.901509
0.901815
0.700526
1.201529
0.600634
0.7005
0.500317
0.60149
0.701367
0.700884
0.900465
0.601549
1.000877
0.902161
0.801471
0.901627
0.700331
0.801488
0.600531
0.80072
0.601895
0.801499
0.600487
0.800688
0.700702
0.501686
0.801059
0.600835
0.600566
0.600616
0.601175
0.901308
0.803415
0.601749
0.60051
0.800932
0.801881
0.800775
0.601508
0.701488
0.600571
0.600639
0.701444
0.701995
1.000529
0.601209
0.500851
0.600895
0.70208
0.801349
0.601564
0.700553
0.701168
0.901364
0.601507
