0.01
0.0101
0.010199999999999999
0.010299999999999998
0.010399999999999998
0.010499999999999997
0.010599999999999997
0.010699999999999996
0.010799999999999995
0.010899999999999995
0.010999999999999994
0.011099999999999994
0.011199999999999993
0.011299999999999992
0.011399999999999992
0.011499999999999991
0.01159999999999999
0.01169999999999999
0.01179999999999999
0.011899999999999989
0.011999999999999988
0.012099999999999988
0.012199999999999987
0.012299999999999986
0.012399999999999986
0.012499999999999985
0.012599999999999984
0.012699999999999984
0.012799999999999983
0.012899999999999983
0.012999999999999982
0.013099999999999981
0.01319999999999998
0.01329999999999998
0.01339999999999998
0.013499999999999979
0.013599999999999978
0.013699999999999978
0.013799999999999977
0.013899999999999977
0.013999999999999976
0.014099999999999975
0.014199999999999975
0.014299999999999974
0.014399999999999974
0.014499999999999973
0.014599999999999972
0.014699999999999972
0.014799999999999971
0.01489999999999997
0.01499999999999997
0.01509999999999997
0.015199999999999969
0.015299999999999968
0.015399999999999968
0.015499999999999967
0.015599999999999966
0.015699999999999967
0.015799999999999967
0.015899999999999966
0.015999999999999966
0.016099999999999965
0.016199999999999964
0.016299999999999964
0.016399999999999963
0.016499999999999963
0.016599999999999962
0.01669999999999996
0.01679999999999996
0.01689999999999996
0.01699999999999996
0.01709999999999996
0.01719999999999996
0.017299999999999958
0.017399999999999957
0.017499999999999957
0.017599999999999956
0.017699999999999955
0.017799999999999955
0.017899999999999954
0.017999999999999954
0.018099999999999953
0.018199999999999952
0.01829999999999995
0.01839999999999995
0.01849999999999995
0.01859999999999995
0.01869999999999995
0.01879999999999995
0.018899999999999948
0.018999999999999947
0.019099999999999947
0.019199999999999946
0.019299999999999946
0.019399999999999945
0.019499999999999944
0.019599999999999944
0.019699999999999943
0.019799999999999943
0.019899999999999942
0.01999999999999994
0.02009999999999994
0.02019999999999994
0.02029999999999994
0.02039999999999994
0.02049999999999994
0.020599999999999938
0.020699999999999937
0.020799999999999937
0.020899999999999936
0.020999999999999935
0.021099999999999935
0.021199999999999934
0.021299999999999934
0.021399999999999933
0.021499999999999932
0.021599999999999932
0.02169999999999993
0.02179999999999993
0.02189999999999993
0.02199999999999993
0.02209999999999993
0.022199999999999928
0.022299999999999928
0.022399999999999927
0.022499999999999926
0.022599999999999926
0.022699999999999925
0.022799999999999924
0.022899999999999924
0.022999999999999923
0.023099999999999923
0.023199999999999922
0.02329999999999992
0.02339999999999992
0.02349999999999992
0.02359999999999992
0.02369999999999992
0.02379999999999992
0.023899999999999918
0.023999999999999917
0.024099999999999917
0.024199999999999916
0.024299999999999915
0.024399999999999915
0.024499999999999914
0.024599999999999914
0.024699999999999913
0.024799999999999912
0.024899999999999912
0.02499999999999991
0.02509999999999991
0.02519999999999991
0.02529999999999991
0.02539999999999991
0.025499999999999908
0.025599999999999908
0.025699999999999907
0.025799999999999906
0.025899999999999906
0.025999999999999905
0.026099999999999905
0.026199999999999904
0.026299999999999903
0.026399999999999903
0.026499999999999902
0.0265999999999999
0.0266999999999999
0.0267999999999999
0.0268999999999999
0.0269999999999999
0.0270999999999999
0.027199999999999898
0.027299999999999897
0.027399999999999897
0.027499999999999896
0.027599999999999895
0.027699999999999895
0.027799999999999894
0.027899999999999894
0.027999999999999893
0.028099999999999892
0.028199999999999892
0.02829999999999989
0.02839999999999989
0.02849999999999989
0.02859999999999989
0.02869999999999989
0.028799999999999888
0.028899999999999888
0.028999999999999887
0.029099999999999886
0.029199999999999886
0.029299999999999885
0.029399999999999885
0.029499999999999884
0.029599999999999883
0.029699999999999883
0.029799999999999882
0.02989999999999988
0.02999999999999988
0.03009999999999988
0.03019999999999988
0.03029999999999988
0.03039999999999988
0.030499999999999878
0.030599999999999877
0.030699999999999877
0.030799999999999876
0.030899999999999875
0.030999999999999875
0.031099999999999874
0.031199999999999874
0.03129999999999988
0.03139999999999988
0.03149999999999988
0.031599999999999885
0.03169999999999989
0.03179999999999989
0.031899999999999894
0.0319999999999999
0.0320999999999999
0.0321999999999999
0.032299999999999905
0.03239999999999991
0.03249999999999991
0.032599999999999914
0.03269999999999992
0.03279999999999992
0.03289999999999992
0.032999999999999925
0.03309999999999993
0.03319999999999993
0.033299999999999934
0.03339999999999994
0.03349999999999994
0.03359999999999994
0.033699999999999945
0.03379999999999995
0.03389999999999995
0.033999999999999954
0.03409999999999996
0.03419999999999996
0.03429999999999996
0.034399999999999965
0.03449999999999997
0.03459999999999997
0.034699999999999974
0.03479999999999998
0.03489999999999998
0.03499999999999998
0.035099999999999985
0.03519999999999999
0.03529999999999999
0.035399999999999994
0.0355
0.0356
0.0357
0.035800000000000005
0.03590000000000001
0.03600000000000001
0.036100000000000014
0.03620000000000002
0.03630000000000002
0.03640000000000002
0.036500000000000025
0.03660000000000003
0.03670000000000003
0.036800000000000034
0.03690000000000004
0.03700000000000004
0.03710000000000004
0.037200000000000046
0.03730000000000005
0.03740000000000005
0.037500000000000054
0.03760000000000006
0.03770000000000006
0.03780000000000006
0.037900000000000066
0.03800000000000007
0.03810000000000007
0.038200000000000074
0.03830000000000008
0.03840000000000008
0.03850000000000008
0.038600000000000086
0.03870000000000009
0.03880000000000009
0.038900000000000094
0.0390000000000001
0.0391000000000001
0.0392000000000001
0.039300000000000106
0.03940000000000011
0.03950000000000011
0.039600000000000114
0.03970000000000012
0.03980000000000012
0.03990000000000012
0.040000000000000126
0.04010000000000013
0.04020000000000013
0.040300000000000134
0.04040000000000014
0.04050000000000014
0.04060000000000014
0.040700000000000146
0.04080000000000015
0.04090000000000015
0.041000000000000154
0.04110000000000016
0.04120000000000016
0.04130000000000016
0.041400000000000166
0.04150000000000017
0.04160000000000017
0.041700000000000174
0.04180000000000018
0.04190000000000018
0.04200000000000018
0.042100000000000186
0.04220000000000019
0.04230000000000019
0.042400000000000194
0.0425000000000002
0.0426000000000002
0.0427000000000002
0.042800000000000206
0.04290000000000021
0.04300000000000021
0.043100000000000215
0.04320000000000022
0.04330000000000022
0.04340000000000022
0.043500000000000226
0.04360000000000023
0.04370000000000023
0.043800000000000235
0.04390000000000024
0.04400000000000024
0.04410000000000024
0.044200000000000246
0.04430000000000025
0.04440000000000025
0.044500000000000255
0.04460000000000026
0.04470000000000026
0.04480000000000026
0.044900000000000266
0.04500000000000027
0.04510000000000027
0.045200000000000275
0.04530000000000028
0.04540000000000028
0.04550000000000028
0.045600000000000286
0.04570000000000029
0.04580000000000029
0.045900000000000295
0.0460000000000003
0.0461000000000003
0.0462000000000003
0.046300000000000306
0.04640000000000031
0.04650000000000031
0.046600000000000315
0.04670000000000032
0.04680000000000032
0.04690000000000032
0.047000000000000326
0.04710000000000033
0.04720000000000033
0.047300000000000335
0.04740000000000034
0.04750000000000034
0.04760000000000034
0.047700000000000346
0.04780000000000035
0.04790000000000035
0.048000000000000355
0.04810000000000036
0.04820000000000036
0.048300000000000363
0.048400000000000366
0.04850000000000037
0.04860000000000037
0.048700000000000375
0.04880000000000038
0.04890000000000038
0.049000000000000384
0.049100000000000386
0.04920000000000039
0.04930000000000039
0.049400000000000395
0.0495000000000004
0.0496000000000004
0.049700000000000404
0.049800000000000406
0.04990000000000041
